462.19 -269.364
1421.24 -715.04
-156.514 -1551.11
1218.69 401.147
184.75 -346.251
1284.3 -759.651
-1251.2 -25.6065
1319.22 106.262
-1222.14 1001.68
1193.29 -891.622
91.0139 933.05
389.924 196.449
-815.611 -1297.22
963.882 -216.539
1119.4 -76.1858
-1027.42 -368.158
1622.58 315.078
415.53 -1632.58
1667.87 -72.4008
-1242.62 154.048
934.098 -504.198
-1231.89 358.669
387.299 1014.45
878.142 -387.568
-1383.74 -998.747
-405.452 -421.198
-1059.26 497.073
-1150.28 -951.233
548.052 7.49678
-603.641 882.413
59.9492 1467.61
352.402 -256.228
850.847 220.804
-137.565 478.254
-1674.68 279.877
-481.059 992.31
-700.155 1043.33
-140.137 -388.503
1226.21 938.525
-410.236 204.595
-162.148 -1323.88
135.618 -296.383
810.961 1035.18
711.572 -435.148
585.003 -213.574
721.491 -942.895
621.734 1296.56
711.672 -523.595
1433.37 698.863
-210.671 -1404.78
1296.11 169.154
-1424.53 -64.4656
-52.4187 -579.644
-783.045 1428.98
575.058 -1078.18
769.749 483.029
329.322 -526.032
-1103.82 718.338
826.308 994.846
372.8 1420.09
640.041 -210.08
663.251 467.689
-674.294 -24.2051
-100.556 1225.51
-32.2264 -267.811
-666.291 -53.047
313.206 554.976
-1608.12 302.296
1009.19 1281.74
1263.96 -991.045
-1162.94 777.225
748.445 -223.612
-1012.89 1337.33
251.072 729.99
-304.231 -835.138
393.196 -1091.66
-937.248 -410.341
310.577 -901.205
727.832 440.969
1416.35 -666.574
458.357 -896.921
-652.558 1138.95
135.894 1419.39
249.53 -86.9574
612.822 -481.998
-30.2 -139.21
-381.921 -191.456
-1115.61 -1278.76
-788.229 299.493
288.081 -963.367
7.06191 972.329
-1541.39 486.943
748.124 -899.583
-540.995 -43.9429
607.076 -984.299
-23.6871 653.947
1519.41 526.164
365.986 421.483
1288.71 -313.977
-1348.51 700.654
-660.885 1268.24
-968.686 -756.623
-507.152 -588.013
1206.34 -1193.84
-320.719 902.262
-307.82 1002.04
-1410.93 -102.988
342.265 521.927
-1419.15 -953.453
-722.354 -1127.08
391.81 989.638
136.133 -823.176
247.159 -601.682
-52.4921 55.2501
639.132 77.5986
-114.8 1006.16
42.9357 -1384.65
496.015 -1595.16
-487.995 960.333
553.098 -1016.58
316.822 1495.65
-1020.47 45.2276
1536.72 344.302
-396.707 498.352
1236.71 -552.613
-409.23 1318.98
255.676 344.29
-384.87 -357.623
1468.91 164.921
-1035.76 239.569
1132.11 654.037
646.779 -1433.67
-1118.89 1264.12
81.671 1249.9
482.524 -718.091
790.923 -848.738
1462.09 521.169
-86.6927 -546.877
-281.34 1667.07
-130.93 -40.1456
565.69 -117.843
-869.805 -203.968
1370.51 344.947
-958.818 -754.95
-1035.88 -114.364
-349.638 421.12
381.337 959.43
-239.675 -284.65
101.043 952.396
351.176 1100.32
763.814 523.977
1186.96 -464.295
674.648 -334.948
1329.35 1049.75
-358.168 -248.329
359.154 196.682
-453.295 -3.54083
-370.331 -987.529
-973.794 -228.781
1146.86 583.364
696.218 907.254
1128.23 521.775
-443.785 -363.998
976.615 177.2
1100.03 -1048.73
288.758 -582.377
-1472.17 -556.936
-219.561 1426.77
321.474 -234.984
494.584 1053.95
111.231 -639.151
947.89 -387.227
-254.429 -478.841
-576.876 -152.635
-337.215 1319.31
-1074.3 -484.763
1516.25 392.952
869.661 -168.935
212.814 470.579
-901.828 -446.459
-963.326 1428.08
-447.07 -1089.61
-584.986 -1086.68
-222.378 -510.225
402.526 715.74
145.194 -927.017
-1599.54 446.221
570.724 60.4381
-170.232 -1458.11
-1023.87 -160.063
489.896 -1302.45
122.686 70.8305
61.0522 -1267.2
-1527.46 -117.573
590.398 -1530.81
1052.84 114.997
1458.8 -164.262
61.4116 -1499.8
-1321.53 -352.112
-741.228 542.342
-793.77 -95.0166
140.618 -1629.85
319.139 -333.991
-947.079 714.316
-880.009 -947.947
-139.148 778.545
1168.64 -910.867
1531.57 427.881
-1079.45 1147.8
-559.376 77.5468
-1157 -428.209
-1037.73 1048.02
-755.913 329.65
414.45 -1560.18
-1121.45 -855.568
29.3801 -990.66
-951.105 454.66
1000.16 -166.335
1160.53 893.194
383.028 1506.98
-381.304 -209.355
312.034 -225.621
553.428 -101.738
-256.299 -1605.95
-1582.44 556.194
-1165.06 1226.35
125.792 472.024
-714.238 -1101.09
8.95876 1424.87
-812.479 1174.25
782.94 81.3847
1542.63 763.65
-806.614 254.154
1133.74 345.52
955.609 -42.0955
-1472.33 -603.031
1341.24 159.828
-1113.82 789.396
-157.478 463.172
-664.079 322.887
244.542 -295.036
747.717 970.153
515.169 -1533
-400.224 120.664
872.141 -1303.19
-1330.04 263.174
485.092 427.951
672.825 546.876
-14.1005 950.862
-630.113 1174.19
-152.865 -1173.36
1163.49 -54.3868
403.913 -16.3347
238.947 1628.11
1351.69 -977.091
-1246.89 -519.912
-1114.74 -237.615
-1419.4 -353.68
1057.26 659.428
495.471 -1611.39
-1093.71 -178.531
578.993 379.077
-885.024 1352.32
1275.8 -1144.56
-913.684 -1451.99
-86.0913 -465.258
-464.405 -233.192
-835.219 741.883
-1556.74 163.275
-290.209 45.4832
-1133.51 -27.6962
916.217 -1363.9
-1.64381 147.477
-1056.61 725.106
813.623 -48.6462
1285.84 -574.35
-847.368 853.969
1363.58 -215.534
-1186.01 -214.332
-1210.72 1204.28
211.363 -1571.63
813.841 234.088
-22.0247 1720.42
-339.978 1557.71
640.011 -786.242
-523.1 822.698
1611.12 31.4697
-567.866 -1333.59
-1350.17 -1027.25
-206.761 1450.54
-200.959 -335.409
-445.004 -426.881
-659.253 -530.604
-1236.56 -108.528
-51.2604 -974.816
143.174 31.3176
124.215 1358.5
1355.12 -609.681
-1647.45 75.5385
-1107.93 422.983
416.152 123.718
-640.723 75.2518
-1050.02 -650.365
788.663 810.404
862.566 -198.914
231.844 -1214.56
-807.643 59.4244
755.526 -1129.87
-1352.61 -12.0597
526.069 252.971
67.5821 -1317.14
790.708 615.795
491.725 -797.625
-993.933 -1085.07
-1095.51 -584.381
927.368 679.235
-13.8449 1422.51
-634.962 -1286.38
-951.293 1291.06
1035.36 401.368
-1228.37 -468.829
377.777 1252.02
1133.55 -495.147
-220.574 -1515.05
-183.821 483.78
-1178.8 713.689
754.151 601.236
240.535 1149.62
-147.798 -11.9028
20.9177 263.964
-427.739 -1667.07
-1230.88 -78.9163
-1053.85 -723.1
572.337 -649.614
638.918 1413.32
275.224 1214.87
462.434 -547.851
-675.379 -109.045
-670.644 -201.614
-455.4 1008.73
-397.908 -1091.15
133.264 1211.02
1128.62 -826.585
270.972 1626.54
1272.16 600.295
-130.844 1043.11
-770.385 1451.8
805.168 -965.665
-462.345 -1571.04
425.649 -879.807
-482.039 1226.2
1214.25 -798.784
1511.82 441.264
-1649.49 -346.816
-615.409 -37.9168
297 1511.58
1363.66 -376.826
-1652.64 113.23
-519.771 193.254
95.694 -680.35
-907.285 -79.6546
-432.976 -1610.2
198.097 1014.66
-174.416 1623.3
-1283.67 28.6675
-1047.15 686.85
-823.007 137.746
622.884 737.394
-330.995 -1448.96
1382.3 240.181
525.808 369.841
1395.14 -355.463
-1274.28 876.507
-963.113 765.935
-462.924 1467.35
-1628.43 -233.42
790.623 -636.174
1354.14 -1001
377.126 385.75
481.559 -562.988
1209.78 -285.168
1432.35 -230.343
-584.762 125.211
-1266.41 630.697
362.261 873.475
219.06 1598.59
-846.481 -623.878
-45.5478 1433.89
-267.784 1502.39
-181.754 -1184.33
-856.515 -1019.26
604.88 64.3985
-274.107 493.889
515.214 526.055
-1468.85 -98.4521
386.453 692.424
-280.901 -535.571
468.203 -1184.67
-622.924 1253.22
265.605 1612.25
-97.5755 1592.92
1126.8 811.146
779.919 723.45
793.656 -1523.96
247.582 60.5005
-597.811 263.833
308.162 -1191.96
-1211.38 -732.491
1164.21 428.929
-263.904 709.854
-1206.44 1176.5
461.865 -1412.88
47.0226 258.805
-1141.13 -1191.08
-532.442 676.777
-999.379 -87.3394
1635.8 -365.882
704.447 1429.15
-647.413 -100.071
349.055 -761.225
-926.638 914.698
-1436.09 490.547
1429.96 -224.855
-1582.39 -562.435
97.7976 -1249.29
671.101 -1256.52
490.079 -334.796
-610.994 1308.22
-1207.37 341.438
-226.383 -155.012
-1613.5 -377.558
1605.67 112.955
749.974 971.102
-1178.2 -301.135
1486.34 486.183
-63.891 -1266.62
-766.365 1215.11
-400.137 332.207
-237.088 -645.469
-863.053 -1330.02
-1249.73 -167.505
134.248 1126.08
-370.948 -206.108
9.55605 -16.6579
331.281 660.47
1363.9 -254.403
-447.683 1655.51
679.104 1068.5
571.044 -483.911
1659.56 43.2041
325.745 -556.088
-444.76 1401.04
641.785 -767.326
-59.1442 1138.05
561.086 267.215
588.172 84.3689
958.474 413.689
-832.979 1464.16
365.051 -554.457
231.076 -1522.03
-257.834 96.632
1431.14 -899.108
1531.56 -132.172
928.612 1162.17
699.666 -1189.94
971.347 -138.781
-828.269 -385.649
749.465 -68.1167
692.827 -1442.89
-22.2133 -910.866
469.529 592.391
-1126.43 1245.89
1716.64 135.068
1191.1 -1122.57
-1296.72 -482.642
256.294 -531.528
903.074 -698.58
999.398 821.85
542.983 329.281
-211.06 1433.1
-612.396 -746.644
919.355 -625.139
581.874 -966.95
558.558 -259.016
-190.902 1708.24
-696.446 950.113
442.138 73.3878
323.279 277.165
416.265 -1370.82
1270.46 1130.38
1521.13 180.481
-6.1566 -1413.77
-952.546 -1178.54
626.514 -728.465
-287.277 1403.18
996.801 -76.0354
-828.497 597.705
-924.094 191.13
1343.09 303.116
1023.79 946.999
-546.541 55.6822
1513.96 593.452
-123.707 -416.258
278.366 -1151.06
259.725 -729.626
-1555.21 -579.628
-53.0188 841.247
-1076.13 -476.867
379.436 -1326.05
1021.03 -768.503
441.068 -1006.96
-749.892 -32.7357
-369.874 973.532
605.374 189.927
1506.5 -580.872
1668.75 -107.868
-233.237 -109.343
-189.771 1631.74
23.5829 850.353
285.007 1061.65
-400.347 -1646.37
-1521.24 -497.463
-221.23 396.421
-581.991 -850.905
-627.896 749.607
1086.34 767.766
-450.565 402.408
18.0327 -420.131
-1384.3 658.949
-1122.72 408.387
74.0279 -502.417
1088.44 49.4136
-346.497 -1057.25
-1360.13 -730.846
-1644.6 -108.22
313.813 671.915
448.825 997.497
-1186.13 -1161.87
1301.37 -1079.87
-455.266 -1644.53
-408.191 1647.46
-1484.57 -497.302
60.2686 918.759
85.4438 285.694
-300.528 611.719
177.384 -233.127
-1083.43 1035.77
933.662 53.9566
-33.1316 1348.44
-82.8947 1278.83
-645.796 -1149.06
-716.78 -1452.45
436.414 103.153
412.11 -63.336
-194.623 -1184.69
-586.338 568.847
-547.309 1517.53
-161.936 -1344.39
457.364 509.804
-1373.05 -312.521
243.703 -641.141
-710.738 714.976
628.965 1324.07
-998.101 -1176.53
-1279.26 -532.415
-206.147 -1177.41
415.047 1354.17
-710.133 -770.882
-236.507 917.401
-544.061 -475.348
-888.751 -744.79
152.164 869.774
1500.2 -695.387
-672.129 247.762
-96.8376 1004.85
-135.744 -903.156
-554.86 -477.438
1246.31 -882.915
328.343 -1283.54
-26.2912 825.763
-850.12 598.442
397.92 -1671.78
-1212.48 1088.38
-461.053 1044.28
1226.22 -179.015
604.549 -1613.32
677.961 -854.001
323.435 704.849
-71.7093 1512.61
440.762 -65.7657
-313.587 -457.549
62.3122 962.547
-877.529 562.35
-318.503 1344.59
-16.9344 584.762
309.804 1462.3
-80.1331 873.567
1708.2 160.026
-692.268 22.6179
1635.55 -471.906
-1078.95 -1280.87
-225.21 -1168.84
51.4899 246.651
372.923 -1304.07
-445.616 -945.852
-237.07 -3.13454
-1054.09 986.031
75.1749 -1307.62
864.112 -1052.41
440.488 -341.739
687.021 31.1829
314.577 1373
1051.74 1287.97
-578.017 -592.604
-1413.78 241.954
-1226.4 740.07
104.179 -1689.18
293.822 604.488
108.022 -1592.98
-1237.81 343.758
177.565 1466.41
53.696 1399.27
355.404 -1101.91
1664.16 331.642
-1151.95 1194.27
333.446 722.358
-385.423 -295.98
283.2 -94.7948
212.305 -12.4065
1577.68 666.617
-1396.85 -587.818
829.167 87.5491
-237.562 -456.659
-740.202 1111.52
1061.52 791.766
-61.6053 1621.83
-1022.68 -133.655
1072.38 -28.6404
1056.62 -472.141
949.217 469.979
-520.342 843.968
294.497 81.8226
-1686.85 -346.126
-1091.63 -280.046
-1298.57 -137.816
-1342.15 -630.27
-459.984 1586.66
-1652.44 388.64
-760.948 616.967
-158.036 -1574.91
1423.92 922.833
485.881 490.867
-1411.64 -742.84
316.986 -1512.28
-395.387 -606.902
-675.742 -729.352
1576.9 482.285
1210.81 -327.779
-957.126 -989.295
1538.84 246.405
-45.5996 -1121.36
-473.616 961.179
-615.512 280.839
-1192.45 -500.263
-47.6615 -850.928
177.498 1038.29
-778.716 -1042.19
-1516.97 766.915
160.388 -538.994
-1302.26 -1018.93
564.678 -1188.91
40.3879 -15.2785
274.829 -248.311
-296.886 -304.787
-221.345 -1260.58
147.962 495.496
-745.901 717.219
-1048.96 -1176.94
-1437.92 -115.046
873.533 -171.064
1108.01 -364.983
1599.41 -200.057
-1273.63 733.866
904.464 1316.71
-851.036 -416.161
-734.819 928.257
467.078 1493.54
-819.514 242.99
1200.96 177.139
220.726 -1271.14
-1278.54 376.592
-1061.98 -281.967
-888.449 1432.73
-377.499 561.262
-1084.7 -645.854
-434.405 776.624
-1552.51 -289.658
937.143 377.725
-543.498 1258.82
-1404.01 52.6767
598.942 -1304.02
-871.576 1239.77
1075.1 -1275.97
81.7115 -1405.63
1.08991 -401.643
766.149 851.725
-914.333 412.035
-1158.81 529.8
1334.71 214.794
1644.08 495.457
-110.219 -333.057
484.374 -1219.49
1075.54 -421.709
-120.942 852.781
-231.335 984.452
382.673 1519.03
1348.55 220.884
762.976 824.962
-1381.73 389.535
-699.972 1352.03
603.873 -449.956
151.524 -1688.21
-949.418 -1363.93
673.246 -378.483
510.251 1341.17
-38.8052 -449.837
1271.28 -5.86144
-751.719 364.301
849.293 1237.22
-526.113 44.0579
58.6413 1385.81
393.76 -1266.9
-269.993 -909.516
-3.64751 73.4511
-1210.27 694.936
1355.42 -725.096
-1118.68 -1271.7
-179.11 -1280.17
-542.597 222.04
-1434.24 478.391
662.737 -483.694
326.428 191.228
1071.28 409.198
1360.55 -908.322
486.347 -519.639
-270.454 -27.8607
596.682 -639.011
-811.186 -57.1772
-1132.75 942.472
548.522 1029.04
697.017 -25.4606
1338.9 -1019.59
-251.74 1202.79
592.165 -17.6868
-975.787 -1393.05
938.224 -327.016
1287 620.933
977.592 711.191
171.341 930.302
-1088.62 -778.155
-1494.01 47.8064
161.309 -703.747
-1331.64 -1025.14
-723.242 -1392.11
-1133.66 -336.212
-436.891 -1620.85
-614.173 1576.55
-322.49 634.488
1498.7 -504.814
-518.945 1193.19
-410.711 -364.172
-653.614 -1473.37
1408.44 -954.413
891.63 1070.59
-582.079 1046.58
1570.26 525.589
-154.89 697.455
-561.537 -855.227
-228.481 1112.62
-1117.46 1308.22
593.671 -206.336
-435.981 314.246
329.424 612.187
-1381.31 -826.894
-1325.2 -997.921
852.482 165.232
655.659 836.95
1019.11 989.486
-153.736 -213.369
651.863 -1283.85
1274.38 -575.731
-927.562 -120.711
311.552 351.429
1091.49 -249.695
1256.26 -444.851
-867.005 1108.99
-822.212 -140.53
-630.779 -765.915
-938.454 49.0139
933.851 815.945
-770.518 -302.455
607.079 -629.365
582.524 -1201.48
-192.192 378.962
643.377 1573.1
434.825 -353.325
556.177 302.427
1349.61 -178.661
51.0003 784.75
525.801 -1002.42
772.256 317.67
-965.4 363.732
1199.97 -684.655
1421.98 -508.581
183.904 -190.055
-232.327 592.662
-657.042 1160.72
-399.56 1062.06
-1383.76 101.138
-376.475 -1246.36
121.572 -1416.98
487.316 -992.126
-1150.18 -822.889
-1276.33 540.211
162.164 -752.734
105.69 248.976
-1083.97 405.43
-444.086 722.706
-740.319 -573.921
-738.17 -1160.85
311.251 741.914
493.77 -667.53
-723.392 430.687
1105.3 -893.387
860.663 -785.718
-446.818 529.223
-659.447 1505.95
831.022 -1106.98
-1656.39 -354.013
-94.6879 -162.865
-150.728 1310.22
-981.622 324.689
83.55 313.024
-316.867 -277.949
-1532.01 597.617
-1117.22 1211.5
1093.03 575.898
614.375 893.153
-890.14 74.7556
-154.082 1427.36
86.1152 -620.926
799.779 86.0866
1173.19 849.618
735.022 1516.37
-1212.21 946.017
-162.067 947.918
-266.05 1299.62
-138.564 -296.294
1447.7 -217.187
-236.077 -716.334
-612.333 1004.89
1625.22 115.933
-1263.89 -325.575
-893.842 606.495
881.668 -698.663
459.711 1139.67
-677.149 1125.6
-149.614 -1450.85
-1110.49 -829.199
1516.14 -148.267
-346.08 -99.544
1139.73 -75.232
1559.18 50.1835
336.881 212.495
-265.601 1235.45
-721.85 -666.012
802.685 1522.12
203.765 46.2911
-80.285 1466.69
-1338.42 478.471
-858.005 -1366.71
-146.984 -925.691
-199.608 -1481.18
1217.71 894.678
463.942 -112.224
741.133 -707.308
780.645 384.053
721.546 988.313
-634.115 1065.76
-1286.97 -1058.67
759.167 -236.615
1430.17 -712.912
-632.782 565.663
232.161 378.312
-842.956 -1020.95
875.51 890.218
772.433 -816.337
757.681 1189.95
1001.43 401.824
309.993 -446.999
66.2239 1037.94
-1287.27 751.621
1696.96 232.466
-353.693 1548.3
942.576 596.122
321.792 -1215.36
-346.373 1521.47
1055.1 889.595
-134.078 1668.73
1165.99 930.28
147.083 -143.633
1408.9 -960.583
-12.0397 -599.658
-1137.75 124.403
700.377 -1093.39
-634.287 820.142
1484.74 341.944
-924.588 -257.658
-1190.94 -392.836
75.4545 -675.502
949.539 903.145
1573.35 -636.721
-589.806 -913.657
-190.27 269.112
-492.212 -1332.01
33.8035 87.0687
-1272.58 275.138
-457.54 -1044.15
660.15 1153.96
-1040.65 80.9601
-506.344 1264.26
-1214.63 -1096.07
-14.5807 -1493.4
-1219.1 127.256
182.892 -553.246
631.776 -1381.65
-694.906 -541.642
740.531 1397.58
551.122 453.359
-711.557 -267.979
34.7257 -668.834
1071.49 -1346.78
764.539 -549.094
1112.99 399.312
-237.933 449.333
1072.77 353.614
1093.46 -116.491
1343.93 -38.9292
474.662 -1140.44
-483.618 1339.49
-225.982 435.495
-342.869 -836.36
942.15 1357.18
1268.55 -562.027
-451.325 850.49
106.107 -895.946
908.261 1283.39
1184.61 368.436
1160.32 -1257.54
247.343 829.885
-722.274 -475.72
183.958 -1166.8
-1342.91 740.178
-631.586 -1519.78
1152.94 -373.648
-389.36 -1082.73
370.349 -308.83
-639.158 395.702
-1531.6 -158.431
-463.186 564.629
420.059 -225.231
362.039 556.118
149.54 -1473.79
258.805 -1329.9
148.077 886.734
-825.091 -1449.95
729.974 -1407.95
169.14 236.329
1533.24 656.367
610.542 1341.06
-629.468 -62.2404
173.407 468.496
918.976 -792.31
949.542 1105.02
113.222 1387.04
-589.879 204.766
-1086.49 -131.882
-967.75 214.269
-423.504 -1287.71
473.391 1363.23
-1016.25 -627.127
1016.44 -115.466
512.384 559.732
1025.98 -941.94
-262.058 -397.179
289.083 373.886
1096.17 762.163
-14.7218 1210.74
438.056 676.82
380.641 -445.157
