8426 1112.26 0.985125 37.6816 308.657 529.122
8432 1060.16 0.985624 37.6517 310.249 483.431
8465 2044.75 0.986189 37.4876 306.811 934.852
8384 1248.76 0.986589 37.8905 311.641 560.867
8400 1091.33 0.98537 37.8109 309.977 504.83
8355 1625.99 0.986867 38.0348 309.87 759.212
8500 928.119 0.986627 37.3134 303.188 424.954
8498 1029.98 0.985499 37.3234 304.293 493.138
8383 1072.48 0.982657 37.8955 309.126 514.813
8444 984.647 0.985272 37.592 307.126 453.273
8408 809.537 0.985012 37.7711 309.673 397.67
8440 1532.87 0.985898 37.6119 308.3 704.435
8457 899.7 0.983632 37.5274 305.887 427.066
8459 1529.01 0.985837 37.5174 306.929 707.307
8435 1250.18 0.985897 37.6368 307.541 591.257
8432 1409.96 0.985427 37.6517 303.879 643.134
8441 615.33 0.985314 37.607 305.823 289.782
8441 1366.52 0.985669 37.607 307.562 638.208
8426 1369.6 0.985136 37.6816 307.674 667.196
8402 697.737 0.987388 37.801 307.189 332.998
8466 2226.61 0.985689 37.4826 305.977 1046.06
8478 778.707 0.985069 37.4229 306.162 373.067
8489 1569.44 0.986397 37.3682 307.075 707.768
8449 1214.47 0.986201 37.5672 307.866 571.185
8441 964.994 0.986029 37.607 308.374 450.611
8356 1089.55 0.986215 38.0299 317.363 510.847
8452 1688.73 0.986278 37.5522 302.553 794.384
8458 934.418 0.986109 37.5224 305.318 449.216
8380 1259.7 0.985025 37.9104 312.435 581.516
8454 799.001 0.986335 37.5423 304.856 367.791
8526 1107.95 0.983842 37.1841 303.472 517.192
8485 785.388 0.98515 37.3881 303.674 373.079
8421 1342.23 0.987312 37.7065 311.083 618.8
8469 742.452 0.985735 37.4677 307.483 348.556
8309 1484.52 0.987616 38.2637 312.069 725.458
8440 933.837 0.985668 37.6119 307.917 432.15
8352 709.095 0.987179 38.0498 313.571 341.326
8390 1266.23 0.987034 37.8607 309.104 598.676
8334 1736.81 0.987228 38.1393 318.266 797.004
8458 1553.24 0.986551 37.5224 302.937 730.823
8430 1764.9 0.987028 37.6617 308.058 807.285
8437 1300.51 0.986014 37.6269 304.745 604.038
8471 1595.95 0.985109 37.4577 302.448 720.942
8415 1102.57 0.986596 37.7363 309.537 521.469
8411 2268.34 0.986831 37.7562 308.665 1020.72
8471 1256.42 0.984352 37.4577 303.154 593.049
8436 885.785 0.986845 37.6318 308.403 415.933
8436 1254.64 0.985199 37.6318 306.144 584.23
8442 1415.37 0.986852 37.602 309.84 658.285
8429 876.615 0.986284 37.6667 306.268 417.21
8372 820.992 0.986094 37.9502 310.7 401.238
8448 1638.76 0.986248 37.5721 308.897 788.359
8368 993.554 0.985475 37.9701 312.277 491.735
8422 735.637 0.986627 37.7015 307.927 355.95
8415 1418.66 0.985859 37.7363 307.944 674.005
8466 1121.86 0.985437 37.4826 306.467 511.547
8457 1429.3 0.986588 37.5274 306.518 677.235
8475 1116.1 0.986064 37.4378 306.612 516.603
8377 934.737 0.985154 37.9254 314.123 439.725
8464 1121.32 0.985599 37.4925 307.816 521.688
8465 718.676 0.985682 37.4876 303.4 339.981
8480 1623.33 0.986293 37.4129 309.77 747.186
8393 1064.41 0.986392 37.8458 309.604 501.72
8410 1282.26 0.985133 37.7612 311.399 599.055
8450 968.319 0.985808 37.5622 305.584 468.192
8414 1833.43 0.986409 37.7413 310.841 854.759
8410 1392.76 0.982065 37.7612 312.725 653.985
8482 1463.44 0.985785 37.403 308.899 689.712
8346 1318.4 0.987159 38.0796 314.449 622.703
8423 1366.61 0.987147 37.6965 308.092 664.617
8449 1022.31 0.985704 37.5672 306.715 470.097
8312 1070.34 0.98673 38.2488 314.489 496.424
8451 1177.85 0.986584 37.5572 306.981 554.721
8407 1299.33 0.987066 37.7761 307.927 650.652
8435 1582.09 0.987722 37.6368 307.226 751.468
8424 1131.35 0.985711 37.6915 306.875 532.967
8357 1425.87 0.987076 38.0249 312.867 672.226
8369 573.93 0.986301 37.9652 311.729 276.702
8423 1278.32 0.987142 37.6965 309.05 622.393
8380 1603.65 0.986107 37.9104 311.006 795.153
8465 980.081 0.985562 37.4876 304.871 469.222
8477 1351.78 0.986671 37.4279 307.051 648.71
8381 1374.18 0.986641 37.9055 308.872 637.363
8436 907.964 0.986739 37.6318 309.109 436.572
8359 1009.35 0.986491 38.0149 311.014 478.462
8344 1492.85 0.987701 38.0896 313.776 734.464
8385 928.329 0.985536 37.8856 311.099 431.832
8382 1436.36 0.987889 37.9005 312.071 680.563
8481 888.911 0.985589 37.408 302.79 443.434
8351 1366.03 0.985973 38.0547 311.389 651.158
8368 1454.83 0.984664 37.9701 309.289 684.159
8472 1523.28 0.987467 37.4527 302.925 698.259
8430 1370.46 0.987546 37.6617 308.744 628.175
8411 1041.14 0.98622 37.7562 308.973 502.138
8358 1294.88 0.986767 38.0199 314.519 610.958
8529 1111.33 0.985784 37.1692 300.836 518.615
8469 1111.68 0.986848 37.4677 307.066 525.35
8481 784.353 0.985834 37.408 303.945 372.949
8444 844.524 0.986459 37.592 308.805 403.851
8507 1500.51 0.986003 37.2786 302.866 692.539
8384 777.36 0.986407 37.8905 311.569 362.628
8447 1586.23 0.986929 37.5771 308.743 752.297
8388 882.659 0.984885 37.8706 309.594 423.267
8457 1500.64 0.985857 37.5274 306.529 698.175
8349 869.99 0.986548 38.0647 311.475 410.928
8388 1443.89 0.986154 37.8706 310.018 674.823
8383 1711.98 0.986708 37.8955 307.587 796.852
8451 1253.6 0.985667 37.5572 304.602 580.442
8345 1996.01 0.985154 38.0846 310.727 948.951
8412 1490.73 0.987164 37.7512 310.019 685.281
8335 1354.52 0.986539 38.1343 314.63 679.736
8437 1491.72 0.984626 37.6269 308.781 698.87
8404 1795.92 0.986945 37.791 311.171 869.191
8483 982.473 0.987125 37.398 305.06 477.056
8410 736.823 0.985406 37.7612 307.334 351.176
8357 1794.99 0.98742 38.0249 312.403 833.066
8404 786.872 0.986679 37.791 308.209 377.45
8395 962.247 0.986727 37.8358 309.181 457.891
8457 1415.06 0.985858 37.5274 307.568 642.042
8456 728.583 0.985753 37.5323 305.658 350.144
8521 1279.93 0.987448 37.209 303.475 573.247
8420 1095.44 0.986614 37.7114 310.736 519.113
8420 774.847 0.985633 37.7114 309.52 369.982
8389 1322.86 0.985277 37.8657 310.206 586.913
8419 628.483 0.985447 37.7164 309.751 303.283
8370 1146.33 0.986282 37.9602 310.684 510.829
8444 636.08 0.984345 37.592 308.194 307.002
8428 1363.64 0.986682 37.6716 305.994 633.729
8417 1355.17 0.986671 37.7264 306.461 619.516
8447 828.142 0.986861 37.5771 308.245 394.891
8454 927.676 0.986666 37.5423 305.939 439.021
8321 1213.98 0.985233 38.204 317.506 576.909
8497 2036.27 0.986085 37.3284 302.709 1004.14
8411 1085.13 0.986822 37.7562 307.224 521.643
8434 1258.04 0.985373 37.6418 304.809 568.14
8406 1423.85 0.986669 37.7811 304.933 662.678
8422 1013.28 0.987135 37.7015 307.042 479.179
8413 1345.18 0.985966 37.7463 306.005 636.85
8406 1133.21 0.986441 37.7811 306.868 539.65
8478 2138.46 0.985842 37.4229 303.996 963.986
8399 2270.81 0.986448 37.8159 307.52 1013.68
8435 951.886 0.98735 37.6368 307.884 446.832
8488 1223.26 0.985902 37.3731 300.698 575.29
8451 1066.4 0.982725 37.5572 309.62 498.804
8403 1694.58 0.986705 37.796 309.826 795.32
8486 1718.58 0.987042 37.3831 299.207 793.579
8373 1659.73 0.985297 37.9453 311.948 797.689
8522 1075.59 0.985163 37.204 302.076 501.757
8462 1467.51 0.98618 37.5025 306.427 695.83
8485 1301.22 0.986317 37.3881 301.437 594.294
8404 1307.58 0.983302 37.791 307.961 634.294
8406 1552.36 0.986142 37.7811 310.434 725.913
8486 1365.24 0.985487 37.3831 306.964 646.902
8386 1801.85 0.986983 37.8806 309.72 882.279
8427 1181.43 0.986166 37.6766 308.278 548.686
8426 1229.22 0.985819 37.6816 307.153 576.389
8333 1376.22 0.988056 38.1443 314.591 659.416
8398 1576.97 0.985459 37.8209 311.407 744.916
8370 833.103 0.986711 37.9602 309.438 397.633
8431 622.781 0.984759 37.6567 306.45 299.562
8463 978.768 0.986618 37.4975 305.545 460.696
8412 1691.02 0.985262 37.7512 309.751 787.251
8466 1109.49 0.985494 37.4826 307.202 522.779
8390 1287.71 0.987213 37.8607 311.073 608.782
8413 2163.53 0.986474 37.7463 309.834 1040.35
8480 1171.12 0.985923 37.4129 304.519 549.152
8377 850.408 0.98554 37.9254 309.132 419.696
8372 1016.79 0.987138 37.9502 310.036 485.191
8435 979.707 0.986226 37.6368 307.194 453.259
8352 1261.42 0.98784 38.0498 313.335 593.791
8418 1284.42 0.985864 37.7214 307.918 599.881
8378 937.534 0.987422 37.9204 310.753 457.444
8391 1298.57 0.987032 37.8557 310.757 603.461
8435 753.195 0.983134 37.6368 306.724 361.375
8424 1139.24 0.986569 37.6915 309.17 553.444
8473 1393.54 0.986013 37.4478 305.765 633.712
8497 722.74 0.985956 37.3284 302.331 334.062
8435 1022.4 0.987521 37.6368 307.741 472.634
8504 625.541 0.984602 37.2935 302.153 292.032
8411 1578.97 0.986646 37.7562 308.107 728.239
8417 915.024 0.984836 37.7264 309.481 437.575
8491 1281.05 0.986224 37.3582 302.626 582.764
8309 670.397 0.985606 38.2637 317.088 325.73
8464 892.066 0.986569 37.4925 305.532 405.054
8426 2268.82 0.985625 37.6816 308.653 1012.29
8388 1745.1 0.98635 37.8706 311.251 889.443
8416 1221.19 0.986929 37.7313 311.077 567.995
8393 893.102 0.986981 37.8458 311.05 416.855
8378 1381.71 0.986358 37.9204 312.714 657.632
8356 1512.08 0.9852 38.0299 311.558 786.158
8418 1219.48 0.986766 37.7214 309.611 603.551
8364 820.663 0.987014 37.99 310.985 391.165
8468 1810.38 0.986585 37.4726 304.55 837.573
8390 2150.94 0.986307 37.8607 312.962 1074.06
8455 1142.71 0.986552 37.5373 307.398 548.552
8425 1240.75 0.985535 37.6866 307.596 595.598
8480 698.914 0.985472 37.4129 307.192 335.594
8379 1515.05 0.98678 37.9154 309.8 696.674
8348 1242.47 0.986229 38.0697 315.589 602.041
8360 837.182 0.986896 38.01 313.497 393.58
8430 934.15 0.985329 37.6617 308.72 427.921
8461 730.166 0.984912 37.5075 305.32 349.614
8458 831.385 0.985138 37.5224 308.88 378.915
8413 1182.97 0.987358 37.7463 307.628 539.237
8397 787.861 0.986242 37.8259 308.049 384.374
8403 1134.39 0.986683 37.796 317.104 536.569
8447 1297.75 0.986678 37.5771 304.988 597.948
8425 1628.3 0.986822 37.6866 307.711 744.836
8425 749.231 0.986092 37.6866 310.321 360.938
8417 1714.88 0.985561 37.7264 306.204 785.883
8379 1318.6 0.985879 37.9154 312.995 648.76
8402 811.383 0.986847 37.801 311.097 381.747
8398 1635.58 0.986392 37.8209 309.533 747.441
8432 1463.79 0.985233 37.6517 307.193 683.542
8423 923.224 0.985752 37.6965 309.736 375.777
8490 1329.24 0.987143 37.3632 304.054 612.301
8460 1924.36 0.986354 37.5124 307.21 935.704
8459 1110.02 0.986013 37.5174 303.725 509.728
8434 1985.36 0.98804 37.6418 303.737 923.308
8357 691.689 0.986594 38.0249 313.188 335.312
8381 1265.02 0.983637 37.9055 312.612 588.577
8411 1027.19 0.98492 37.7562 310.515 485.515
8425 1183.59 0.985553 37.6866 308.774 570.751
8428 1560.94 0.987184 37.6716 307.867 731.187
8402 1265.62 0.984662 37.801 306.919 575.795
8410 764.974 0.986591 37.7612 308.167 368.426
8376 1670.01 0.986178 37.9303 313.209 776.133
8474 812.4 0.985594 37.4428 304.027 380.6
8491 1202.73 0.986905 37.3582 303.932 561.314
8415 975.775 0.987204 37.7363 311.978 462.916
8471 687.499 0.986764 37.4577 306.146 316.826
8453 950.894 0.985659 37.5473 305.366 459.024
8468 1069.89 0.986146 37.4726 306.67 498.934
8415 1742.55 0.986431 37.7363 308.347 817.224
8499 1665.62 0.9864 37.3184 305.966 769.934
8384 826.394 0.986103 37.8905 313.565 405.852
8461 925.28 0.986125 37.5075 303.492 449.109
8369 1529.14 0.987386 37.9652 312.054 617.304
8443 1230.34 0.987205 37.597 305.69 597.555
8348 1030.88 0.98639 38.0697 310.899 513.413
8484 814.666 0.98525 37.393 306.824 372.485
8468 960.03 0.986078 37.4726 304.794 445.577
8467 1103.06 0.986468 37.4776 304.566 517.644
8404 1192.19 0.987405 37.791 309.765 549.666
8429 1355.19 0.984543 37.6667 305.802 632.945
8407 1160.1 0.98623 37.7761 311.595 574.677
8473 855.688 0.987195 37.4478 305.863 401.109
8370 2160.94 0.986602 37.9602 311.911 1026.1
8374 1151.85 0.987819 37.9403 309.564 539.579
8460 1753.46 0.987318 37.5124 307.992 831.38
8433 1860.42 0.982348 37.6468 311.017 840.904
8402 812.09 0.98597 37.801 307.715 384.296
8411 2122.94 0.985662 37.7562 308.066 966.997
8428 1512.09 0.987465 37.6716 307.545 728.092
8494 1180.05 0.985809 37.3433 304.509 526.606
8419 1304.57 0.986793 37.7164 310.118 629.694
8425 1259.13 0.983104 37.6866 307.649 579.82
8430 1128.08 0.98649 37.6617 306.477 538.897
8452 663.851 0.985431 37.5522 307.609 316.637
8338 916.317 0.985823 38.1194 315.987 411.69
8417 802.531 0.986008 37.7264 307.209 380.721
8427 666.473 0.986416 37.6766 309.134 310.01
8382 1035.62 0.987293 37.9005 312.111 492.657
8428 633.145 0.985766 37.6716 306.242 314.753
8482 671.409 0.986674 37.403 306.147 314.675
8426 1315.86 0.986447 37.6816 307.148 659.591
8482 759.851 0.984935 37.403 303.472 353.958
8477 833.346 0.985769 37.4279 302.257 395.552
8435 1439 0.985613 37.6368 310.591 687.911
8372 1484.54 0.98677 37.9502 314.134 695.776
8385 1041.03 0.986915 37.8856 309.017 502.001
8402 1375.9 0.986339 37.801 310.256 634.454
8393 842.542 0.986387 37.8458 310.824 403.867
8486 931.27 0.985989 37.3831 303.64 435.739
8401 1150.21 0.987416 37.806 309.466 593.905
8468 1267.69 0.98639 37.4726 302.281 582.358
8387 1118.7 0.986099 37.8756 309.991 526.954
8514 1614.46 0.98593 37.2438 303.807 756.581
8430 1132.6 0.986512 37.6617 307.996 541.937
8438 1494 0.986795 37.6219 308.041 706.981
8422 966.694 0.98666 37.7015 315.203 468.144
8383 1145.52 0.985383 37.8955 312.292 556.481
8363 856.5 0.985968 37.995 310.777 416.247
8464 1878.84 0.986995 37.4925 306.041 880.657
8392 1225.9 0.987204 37.8507 312.887 605.256
8432 1412.3 0.986445 37.6517 305.979 645.943
8422 1478.29 0.982969 37.7015 308.949 670.561
8431 1094.05 0.985603 37.6567 307.55 517.019
8452 904.237 0.983664 37.5522 306.85 435.258
8455 1289.6 0.985961 37.5373 307.211 611.523
8412 1204 0.986771 37.7512 309.5 541.658
8406 1245.63 0.986061 37.7811 309.227 584.883
8404 927.741 0.987147 37.791 311.842 449.726
8413 858.279 0.986683 37.7463 308.458 432.388
8465 1608.77 0.986502 37.4876 304.869 737.794
8445 1545.5 0.984903 37.5871 305.082 735.24
8458 1411.34 0.986623 37.5224 306.555 660.152
8368 1198.52 0.986143 37.9701 313.418 564.956
8385 686.63 0.984414 37.8856 312.947 327.88
8401 1175.53 0.986707 37.806 306.767 573.425
8389 1143.64 0.987355 37.8657 312.946 528.251
8355 932.97 0.985672 38.0348 313.06 445.737
8418 1651.33 0.986045 37.7214 311.36 773.946
8380 1269.11 0.987026 37.9104 312.771 603.365
8395 1094.08 0.986509 37.8358 310.584 532.904
8420 1344.72 0.987328 37.7114 308.982 638.869
8394 1385.63 0.987113 37.8408 309.754 640.309
8414 1313.14 0.987622 37.7413 307.984 602.652
8341 630.161 0.984879 38.1045 309.691 301.67
8439 1079.87 0.986112 37.6169 307.86 518.963
8459 1756.72 0.98706 37.5174 303.64 833.642
8464 1389.32 0.987163 37.4925 306.438 644.186
8426 1426.25 0.986503 37.6816 306.355 678.629
8413 1892.77 0.987926 37.7463 310.866 923.756
8458 998.907 0.985892 37.5224 305.494 496.067
8430 1464.89 0.986411 37.6617 305.313 669.895
8421 1316.33 0.986778 37.7065 308.515 611.253
8454 842.287 0.985573 37.5423 302.98 416.879
8443 1145.71 0.986891 37.597 305.647 521.264
8445 1606.52 0.98617 37.5871 307.349 737.437
8439 1132.35 0.98761 37.6169 307.39 548.927
8392 1197.36 0.986054 37.8507 310.339 557.946
8361 1352.45 0.986051 38.005 312.36 642.488
8399 1518 0.985171 37.8159 310.951 688.124
8378 675.141 0.987417 37.9204 309.695 324.711
8383 1561.97 0.986598 37.8955 311.578 727.289
8450 905.134 0.98603 37.5622 307.346 426.257
8441 831.955 0.985485 37.607 309.869 396.963
8435 1282.4 0.98637 37.6368 309.03 602.325
8413 723.725 0.986022 37.7463 307.726 349.648
8462 1325.44 0.986788 37.5025 303.932 636.787
8428 1261.61 0.985928 37.6716 308.387 579.671
8419 1149.47 0.98695 37.7164 306.983 530.045
8334 1345.37 0.985822 38.1393 310.776 637.055
8423 1098.05 0.985838 37.6965 308.496 531.033
8418 752.208 0.986399 37.7214 309.662 358.048
8467 1382.91 0.986802 37.4776 306.316 642.952
8446 943.152 0.985377 37.5821 307.62 457.723
8405 1739.27 0.986642 37.7861 308.81 837.713
8417 1364.49 0.986059 37.7264 308.035 657.312
8419 1452.65 0.986412 37.7164 309.319 702.798
8440 708.887 0.985259 37.6119 308.294 331.071
8423 542.218 0.985158 37.6965 309.34 248.735
8479 939.332 0.98644 37.4179 305.176 459.651
8459 1476.5 0.986384 37.5174 306.972 713.702
8417 1146.9 0.984717 37.7264 310.899 512.545
8401 1022.13 0.985551 37.806 310.335 497.278
8402 1030.49 0.986346 37.801 311.435 479.928
8384 1638 0.985925 37.8905 310.083 765.853
8391 1077.84 0.985267 37.8557 312.66 512.596
8457 1193.59 0.986527 37.5274 307.193 564.378
8400 1436.26 0.984957 37.8109 309.125 672.099
8506 1560.32 0.987187 37.2836 307.326 719.203
8410 1319.96 0.986536 37.7612 309.342 644.698
8513 975.746 0.98599 37.2488 304.362 448.458
8372 1636.06 0.987087 37.9502 314.853 767.505
8473 1672.19 0.986426 37.4478 304.271 770.03
8417 1508.77 0.985031 37.7264 308.762 727.703
8460 1258.97 0.987422 37.5124 307.246 598.283
8417 1871.21 0.987874 37.7264 308.822 916.039
8476 783.412 0.98505 37.4328 302.311 373.616
8482 1148.66 0.984345 37.403 303.277 537.379
8454 1218.83 0.985699 37.5423 306.553 591.053
8414 1140.95 0.98715 37.7413 310.02 520.757
8455 836.544 0.986471 37.5373 307.641 382.508
8414 817.907 0.985174 37.7413 308.815 400.653
8385 1040.93 0.985088 37.8856 310.526 488.486
8433 1099.72 0.982421 37.6468 309.004 521.691
8418 1469.37 0.986466 37.7214 305.786 688.195
8451 719.212 0.983883 37.5572 307.754 336.884
8390 1276.01 0.987505 37.8607 311.342 617.274
8441 902.271 0.986639 37.607 305.709 435.436
8424 1417.45 0.986932 37.6915 308.061 643.548
8290 894.035 0.98689 38.3582 317.276 431.511
8439 988.986 0.986548 37.6169 304.68 447.357
8397 1205.19 0.98732 37.8259 312.134 585.167
8366 2055.4 0.984812 37.9801 311.122 955.674
8471 1069.16 0.986896 37.4577 305.682 513.683
8440 1289.18 0.985782 37.6119 305.732 611.703
8441 1640.25 0.98676 37.607 307.726 826.53
8425 1039.46 0.984988 37.6866 308.883 479.243
8508 1280.17 0.986197 37.2736 304.573 597.841
8424 816.428 0.986632 37.6915 309.258 392.333
8414 1801.78 0.986399 37.7413 311.614 833.976
8417 1491.77 0.985172 37.7264 311.52 744.712
8434 1098.12 0.98703 37.6418 305.104 518.219
8433 1380.31 0.986901 37.6468 309.311 642.424
8328 1474.92 0.986727 38.1692 313.83 683.598
8420 1373.41 0.985403 37.7114 308.406 639.348
8415 805.752 0.98548 37.7363 306.91 380.649
8397 1265 0.986176 37.8259 310.511 594.117
8463 1252.57 0.986313 37.4975 305.537 591.865
8437 1940.77 0.985413 37.6269 306.539 937.092
8453 863.071 0.986657 37.5473 307.078 408.872
8454 1235.37 0.98635 37.5423 307.562 594.854
8513 875.226 0.986057 37.2488 303.532 422.524
8358 970.818 0.986428 38.0199 313.611 461.422
8427 1273.1 0.986081 37.6766 308.087 578.367
8370 875.286 0.986369 37.9602 314.443 413.829
8430 1059.1 0.985793 37.6617 307.604 500.979
8483 893.823 0.98608 37.398 303.288 434.301
8411 1654.7 0.987298 37.7562 307.606 787.166
8380 1031.98 0.987274 37.9104 308.287 500.296
8390 1140.78 0.986154 37.8607 311.462 522.668
8485 660.105 0.983389 37.3881 301.794 316.957
8417 1301.54 0.985598 37.7264 309.063 617.572
8428 1540.83 0.986269 37.6716 307.625 709.097
8443 974.956 0.985144 37.597 307.343 444.882
8408 1163.76 0.985376 37.7711 309.032 531.57
8394 1489.5 0.987666 37.8408 307.913 675.856
8425 1707.23 0.987528 37.6866 307.625 789.143
8356 1506.06 0.986281 38.0299 312.245 696.61
8448 1169.81 0.985988 37.5721 306.874 549.248
8432 939.562 0.987164 37.6517 307.473 449.09
8410 986.843 0.98565 37.7612 307.978 464.316
8438 1207.23 0.985658 37.6219 306.834 557.909
8332 870.733 0.985991 38.1493 316.143 423.031
8430 1446.34 0.986852 37.6617 306.226 674.917
8404 842.152 0.985701 37.791 309.751 400.874
8337 1367.93 0.98514 38.1244 314.238 671.942
8390 1216.49 0.986969 37.8607 311.117 562.561
8435 979.335 0.986836 37.6368 306.658 469.77
8393 773.782 0.986727 37.8458 309.162 372.873
8367 982.103 0.98656 37.9751 313.301 455.687
8449 1236.11 0.98719 37.5672 305.402 579.708
8385 1989.69 0.986428 37.8856 313.133 914.096
8407 1007.75 0.985621 37.7761 311.994 467.391
8357 1104.89 0.986238 38.0249 308.38 506.559
8421 1563.5 0.987871 37.7065 308.519 719.9
8320 639.57 0.98564 38.209 314.258 310.297
8512 954.507 0.981764 37.2537 302.265 454.187
8492 847.209 0.985273 37.3532 306.908 403.066
8413 2032.94 0.985016 37.7463 308.284 954.987
8389 880.591 0.985668 37.8657 309.477 418.827
8462 602.057 0.985806 37.5025 303.826 282.027
8394 1075.63 0.98676 37.8408 312.661 493.712
8402 765.351 0.983853 37.801 309.231 371.107
8483 1040.71 0.985089 37.398 303.444 491.658
8374 878.982 0.986268 37.9403 308.959 417.887
8419 1399.03 0.985904 37.7164 310.052 654.597
8415 907.822 0.988048 37.7363 309.082 435.59
8479 723.496 0.986504 37.4179 303.791 339.217
8423 1227.21 0.985755 37.6965 309.402 555.481
8332 1158.95 0.985754 38.1493 317.997 582.464
8433 1564.65 0.988096 37.6468 305.244 717.335
8437 1245.54 0.987171 37.6269 308.035 585.857
8451 1237.39 0.98609 37.5572 307.368 611.934
8372 1425.08 0.983915 37.9502 314.207 642.11
8434 1589.42 0.985602 37.6418 307.557 751.608
8404 1265.7 0.986414 37.791 311.179 593.413
8437 1588.25 0.987113 37.6269 306.56 741.785
8395 901.626 0.986527 37.8358 310.375 426.805
8451 1464.71 0.986713 37.5572 307.956 659.53
8410 1019.95 0.986627 37.7612 309.194 485.678
8430 1669.33 0.987267 37.6617 308.273 803.687
8441 766.908 0.986466 37.607 308.514 366.817
8470 1090.03 0.985737 37.4627 306.469 533.747
8453 1213.83 0.986257 37.5473 307.147 562.578
8369 1318.34 0.986299 37.9652 316.388 639.022
8460 1403.99 0.986185 37.5124 306.602 675.999
8404 1212.8 0.986828 37.791 306.828 570.898
8354 1344.48 0.987573 38.0398 314.079 613.951
8451 1063.78 0.984601 37.5572 309.655 503.535
8409 1250.02 0.985952 37.7662 307.345 580.957
8481 683.781 0.981856 37.408 303.867 322.779
8386 1069.89 0.987041 37.8806 311.541 518.791
8405 1138.07 0.987134 37.7861 308.33 558.144
8399 809.025 0.986425 37.8159 308.448 387.865
8422 926.436 0.986711 37.7015 310.53 422.514
8335 1128.33 0.98699 38.1343 315.146 534.312
8432 1317.56 0.986588 37.6517 307.21 620.252
8402 1637.27 0.986385 37.801 306.636 774.2
8421 1016.34 0.987817 37.7065 307.327 465.664
8458 1455.67 0.985434 37.5224 304.274 682.789
8443 887.107 0.981552 37.597 312.919 425.813
8461 1553.24 0.986589 37.5075 306.577 718.31
8423 1424.92 0.987565 37.6965 310.398 676.432
8418 1373.84 0.986826 37.7214 308.888 669.917
8354 1063.81 0.986035 38.0398 312.804 483.077
8434 1837.43 0.987125 37.6418 306.971 837.67
8442 574.043 0.983297 37.602 308.074 272.679
8435 1272.89 0.986787 37.6368 309.745 605.555
8480 970.138 0.985695 37.4129 304.382 456.357
8451 852.657 0.986287 37.5572 305.072 404.253
8343 1120.49 0.986334 38.0945 310.401 558.181
8433 1415.36 0.986582 37.6468 308.691 649.99
8378 984.133 0.986772 37.9204 313.833 475.611
8372 1148.65 0.986938 37.9502 311.9 552.056
8480 1681.05 0.988027 37.4129 306.306 823.468
8400 1335.01 0.986685 37.8109 309.969 648.54
8389 1587.56 0.985732 37.8657 309.512 717.589
8372 1679.07 0.986609 37.9502 313.223 765.592
8428 1142.31 0.986958 37.6716 308.057 538.226
8403 1205.16 0.985473 37.796 309.89 566.785
8449 1232.09 0.986819 37.5672 306.278 582.533
8441 1218.47 0.985973 37.607 311.303 578.459
8486 1218.02 0.98682 37.3831 304.839 547.725
8407 934.705 0.985513 37.7761 308.921 444.083
8472 1090.03 0.985952 37.4527 301.165 512.415
8491 1714.56 0.98558 37.3582 302.943 811.627
8423 1952.86 0.987411 37.6965 305.193 889.604
8412 974.465 0.984795 37.7512 307.735 486.427
8527 1030.79 0.986093 37.1791 299.672 480.923
8367 924.499 0.987037 37.9751 312.203 443.027
8414 1491.23 0.986146 37.7413 308.541 675.702
8361 1404.04 0.985141 38.005 313.079 670.151
8418 1052.19 0.986334 37.7214 307.885 521.149
8443 1564.59 0.9858 37.597 307.038 751.137
8480 973.339 0.987074 37.4129 306.466 447.408
8461 1925.25 0.98605 37.5075 304.985 889.596
8382 878.312 0.987289 37.9005 309.753 422.424
8469 1147.16 0.985123 37.4677 304.882 526.907
8434 1313.16 0.985791 37.6418 309.674 605.74
8459 878.367 0.986813 37.5174 307.74 433.735
8440 1715.74 0.986313 37.6119 307.821 618.567
8422 970.705 0.986907 37.7015 309.654 457.596
8438 1787.67 0.985937 37.6219 307.658 820.091
8446 939.638 0.985029 37.5821 305.463 429.933
8383 1397.44 0.987128 37.8955 311.819 668.781
8430 2070.32 0.986398 37.6617 310.137 1013.45
8422 1488.51 0.986889 37.7015 308.871 708.837
8424 1384.6 0.984936 37.6915 307.64 630.867
8380 1107.1 0.986044 37.9104 311.522 505.471
8382 690.723 0.985156 37.9005 308.293 333.333
8462 1089.17 0.985482 37.5025 306.342 531.489
8426 749.207 0.987418 37.6816 308.663 352.147
8396 935.915 0.987528 37.8308 311.219 437.841
8390 824.932 0.98582 37.8607 308.881 402.127
8367 1365.33 0.98687 37.9751 312.037 639.975
8450 1550.1 0.987132 37.5622 306.988 737.425
8375 1420.69 0.987317 37.9353 311.811 683.196
8402 1105.33 0.983831 37.801 308.335 527.238
8461 890.915 0.986176 37.5075 305.376 438.147
8436 1303.85 0.986153 37.6318 309.22 600.038
8436 1132.29 0.986875 37.6318 306.203 534.159
8356 986.413 0.986531 38.0299 313.487 462.185
8430 541.074 0.985125 37.6617 308.175 256.417
8432 777.105 0.987871 37.6517 307.689 361.921
8495 1178.56 0.987125 37.3383 302.779 554.297
8523 589.097 0.985221 37.199 301.698 281.831
8374 1405.11 0.988097 37.9403 310.036 684.848
8455 888.973 0.98602 37.5373 306.905 431.064
8449 2069.46 0.986908 37.5672 305.94 961.021
8457 1081.99 0.986016 37.5274 305.652 534.452
8450 1862.16 0.987266 37.5622 303.761 879.511
8452 1073.24 0.986556 37.5522 302.195 513.408
8408 1409.43 0.985522 37.7711 309.361 659.675
8367 1687.33 0.986335 37.9751 311.772 823.789
8447 806.775 0.986025 37.5771 305.731 383.627
8385 1449.42 0.986571 37.8856 309.209 629.159
8443 778.658 0.985886 37.597 307.302 357.967
8490 957.091 0.985767 37.3632 305.744 434.77
8376 1243.62 0.985977 37.9303 312.327 587.14
8399 801.628 0.98614 37.8159 307.206 379.747
8368 1330.64 0.986023 37.9701 311.538 631.945
8455 1167.32 0.984641 37.5373 305.242 533.277
8412 1439.48 0.986765 37.7512 308.541 698.824
8438 737.457 0.985848 37.6219 306.972 350.511
8381 909.466 0.98652 37.9055 311.299 432.333
8386 780.905 0.984785 37.8806 311.111 367.971
8415 773.661 0.98708 37.7363 308.873 368.001
8436 1163.22 0.984689 37.6318 307.157 559.744
8446 972.577 0.985832 37.5821 306.883 449.858
8416 1165.74 0.987082 37.7313 307.784 558.773
8397 1174.29 0.987826 37.8259 309.479 564.599
8397 1219.76 0.986135 37.8259 308.59 563.985
8428 1795.67 0.985768 37.6716 306.238 857.757
8342 1052.74 0.985873 38.0995 312.752 497.597
8383 2230.66 0.986597 37.8955 311.915 1035.34
8449 1689.63 0.986292 37.5672 304.094 776.947
8516 1520.14 0.986228 37.2338 303.882 766.547
8408 1590.78 0.987433 37.7711 310.833 750.097
8461 941.781 0.986567 37.5075 308.9 451.234
8541 1888.05 0.986603 37.1095 298.468 884.09
8403 1069.77 0.985914 37.796 307.932 508.879
8462 766.368 0.986651 37.5025 305.368 364.588
8414 891.384 0.986585 37.7413 306.4 421.329
8452 798.311 0.985101 37.5522 307.015 380.04
8463 1343.4 0.985814 37.4975 305.216 616.296
8461 1040.57 0.987255 37.5075 306.744 505.21
8399 1334.17 0.986584 37.8159 311.628 617.577
8493 978.317 0.986448 37.3483 303.665 472.528
8454 1243.91 0.987818 37.5423 306.802 586.145
8491 1097.11 0.986375 37.3582 304.176 531.163
8383 1105.55 0.987134 37.8955 306.647 552.087
8401 1127.06 0.984085 37.806 311.517 573.445
8392 1299.36 0.987066 37.8507 310.241 616.669
8438 1308.06 0.986275 37.6219 304.348 594.349
8380 1277.3 0.987157 37.9104 309.148 596.206
8350 1321.28 0.986755 38.0597 311.849 634.193
8441 1361.41 0.987123 37.607 305.159 648.896
8439 1775.24 0.986051 37.6169 305.438 827.366
8335 1299.76 0.986985 38.1343 314.006 591.826
8413 1116.96 0.986965 37.7463 307.336 522.177
8430 1276.73 0.985277 37.6617 308.093 578.029
8455 1177.21 0.986554 37.5373 305.464 558.712
8504 1451.55 0.985437 37.2935 304.712 691.263
8393 1348.31 0.985569 37.8458 312.423 659.79
8386 1646.7 0.987375 37.8806 305.361 782.221
8463 1734.94 0.985827 37.4975 306.301 797.381
8445 1049.96 0.985627 37.5871 308.179 501.266
8397 1844.96 0.987898 37.8259 310.126 888.066
8446 919.075 0.986679 37.5821 306.1 429.136
8451 868.669 0.986477 37.5572 306.696 405.007
8396 788.928 0.985762 37.8308 309.252 380.427
8452 1227.89 0.9875 37.5522 305.789 579.316
8403 1007.4 0.986323 37.796 308.409 484.114
8319 1136.61 0.987075 38.2139 314.298 566.018
8454 1371.4 0.98688 37.5423 306.95 636.304
8434 572.924 0.984708 37.6418 305.993 274.345
8423 1306.98 0.987254 37.6965 309.378 619.517
8491 1216 0.987353 37.3582 303.749 567.997
8408 1168.34 0.98581 37.7711 305.321 542.424
8417 986.004 0.985677 37.7264 309.892 470.16
8439 1010.29 0.985575 37.6169 307.588 479.176
8501 1167.36 0.985873 37.3085 302.877 538.607
8401 1529.01 0.986342 37.806 308.869 728.355
8403 1092.95 0.986263 37.796 307.695 507.233
8364 1222.39 0.985379 37.99 312.816 565.581
8504 1882.82 0.985995 37.2935 303.418 847.521
8384 1335.42 0.986978 37.8905 313.313 621.642
8422 1097.4 0.98661 37.7015 307.87 501.772
8421 1348.32 0.986979 37.7065 307.287 606.888
8382 1282.14 0.986813 37.9005 311.984 615.913
8467 996.609 0.986572 37.4776 306.52 466.828
8383 1108.87 0.986288 37.8955 312.353 520.104
8440 1444.45 0.986534 37.6119 306.553 660.296
8400 932.06 0.98559 37.8109 311.433 448.029
8445 1055.36 0.986591 37.5871 311.019 505.29
8328 1321.95 0.986521 38.1692 309.817 636.461
8422 1613.81 0.987116 37.7015 307.703 747.682
8411 1140.12 0.986465 37.7562 310.706 528.218
8441 851.725 0.987375 37.607 307.383 405.814
8469 1423.96 0.985381 37.4677 304.424 674.4
8429 1095.13 0.986874 37.6667 309.653 512.395
8351 651.924 0.986959 38.0547 314.846 316.477
8441 1308.91 0.985988 37.607 307.002 617.032
8357 1364.96 0.985824 38.0249 313.178 631.021
8520 2468.07 0.987049 37.2139 302.472 1159.45
8402 1785 0.983778 37.801 311.75 848.961
8444 1035.6 0.986939 37.592 309.037 507.121
8393 1533.25 0.986497 37.8458 311.562 699.928
8487 1452.26 0.979858 37.3781 309.335 687.05
8442 1371.26 0.986465 37.602 306.845 659.37
8440 989.469 0.986771 37.6119 304.541 480.176
8445 1661.09 0.987648 37.5871 306.887 781.868
8420 1661.95 0.987377 37.7114 309.952 786.078
8407 1684.29 0.986611 37.7761 308.428 764.461
8406 1463.24 0.98675 37.7811 308.765 666.046
8461 1258.64 0.986907 37.5075 307.915 594.556
8358 2206.01 0.986351 38.0199 313.616 1027.94
8417 1876.51 0.986259 37.7264 307.758 850.941
8388 975.008 0.985625 37.8706 311.596 446.611
8390 748.6 0.985748 37.8607 312.577 358.95
8374 831.149 0.986441 37.9403 313.536 395.691
8433 1386.27 0.986 37.6468 309.784 650.371
8362 1108.91 0.986094 38 309.898 539.496
8457 909.306 0.985447 37.5274 304.782 421.137
8439 920.74 0.986019 37.6169 306.85 443.638
8455 969.6 0.986833 37.5373 306.954 454.462
8430 908.96 0.986743 37.6617 307.225 434.018
8459 1191.62 0.985981 37.5174 306.467 569.357
8488 1535.2 0.987221 37.3731 304.521 706.044
8369 1372.41 0.98628 37.9652 316.336 634.993
8382 726.54 0.986435 37.9005 308.824 351.638
8444 929.265 0.986135 37.592 306.464 445.573
8447 759.212 0.986492 37.5771 307.626 357.985
8462 1231.89 0.983854 37.5025 306.247 553.505
8456 774.964 0.985653 37.5323 308.157 374.05
8436 885.542 0.986707 37.6318 308.872 420.823
8376 1519.76 0.986005 37.9303 309.946 741.464
8417 805.643 0.984283 37.7264 305.437 386.937
8427 1875.69 0.986617 37.6766 308.454 891.54
8448 1098.05 0.986562 37.5721 306.876 505.335
8498 835.74 0.986692 37.3234 309.176 393.447
8467 1039.81 0.985551 37.4776 309.161 479.09
8388 1817.91 0.986977 37.8706 308.344 890.938
8471 1005.13 0.986376 37.4577 303.862 483.445
8455 1420.53 0.983295 37.5373 305.533 661.504
8430 1355.65 0.986516 37.6617 308.616 634.689
8430 925.828 0.986469 37.6617 307.615 440.743
8404 1441.92 0.986182 37.791 308.593 656.212
8464 2105.49 0.986027 37.4925 304.964 987.589
8365 791.032 0.987325 37.9851 312.626 378.792
8353 1675.57 0.985179 38.0448 315.682 791.745
8439 1220.4 0.986983 37.6169 310.26 579.8
8401 1284.38 0.986338 37.806 309.677 603.461
8396 1346.94 0.986682 37.8308 311.442 645.966
8432 1256.36 0.986422 37.6517 308.052 593.871
8439 1611.52 0.985803 37.6169 306.802 776.679
8365 1726.01 0.986334 37.9851 311.822 826.382
8421 1593.58 0.987341 37.7065 308.698 754.285
8469 811.254 0.985734 37.4677 306.748 394.669
8416 809.326 0.985871 37.7313 308.397 380.701
8451 957.939 0.986065 37.5572 309.017 459.93
8467 1028.83 0.985219 37.4776 306.299 478.6
8350 1689.29 0.986039 38.0597 310.586 816.083
8432 1046.62 0.986658 37.6517 306.445 513.163
8406 1471.24 0.986194 37.7811 307.923 670.349
8476 853.22 0.985398 37.4328 303.791 419.48
8359 771.846 0.986396 38.0149 311.812 380.216
8397 1067.92 0.983119 37.8259 312.544 490.63
8392 1166.43 0.985665 37.8507 311.182 549.849
8428 1567.41 0.986499 37.6716 309.809 748.014
8411 1631.92 0.986561 37.7562 305.436 779.235
8483 1126.23 0.987335 37.398 302.657 516.469
8457 957.453 0.98654 37.5274 306.31 427.382
8409 1300.39 0.986912 37.7662 309.028 605.933
8426 1110.87 0.986881 37.6816 307.786 522.051
8376 951.255 0.986282 37.9303 310.035 437.071
8422 2468.63 0.985398 37.7015 306.781 1137.92
8520 1377.49 0.985921 37.2139 300.315 653.058
8427 1626.03 0.987436 37.6766 308.438 764.245
8470 694.908 0.987041 37.4627 304.794 331.572
8450 759.413 0.986179 37.5622 305.269 366.116
8386 863.995 0.985436 37.8806 309.249 429.411
8437 657.257 0.986078 37.6269 307.632 307.795
8351 684.321 0.986322 38.0547 312.499 321.898
8391 1330.56 0.98465 37.8557 309.898 608.101
8360 1074.37 0.98586 38.01 313.973 509.775
8470 1098.06 0.987089 37.4627 306.48 531.213
8413 927.292 0.985486 37.7463 311.229 428.699
8374 1672.17 0.986955 37.9403 309.818 780.969
8349 1032.98 0.986539 38.0647 316.602 478.353
8470 1500.67 0.986349 37.4627 305.178 687.449
8378 1672.18 0.987653 37.9204 310.74 769.058
8418 1296.16 0.986932 37.7214 306.551 614.402
8446 830.56 0.986375 37.5821 309.939 397.808
8342 625.053 0.986291 38.0995 314.983 303.696
8532 881.85 0.98485 37.1542 301.786 405.251
8465 867.607 0.983903 37.4876 305.069 407.799
8403 1203.58 0.986945 37.796 306.918 577.932
8424 781.325 0.98635 37.6915 305.003 377.591
8413 1323.95 0.986752 37.7463 310.015 624.257
8391 811.778 0.985028 37.8557 312.62 380.991
8418 847.145 0.984501 37.7214 309.997 406.708
8350 1164.18 0.985636 38.0597 311.933 558.64
8437 1347.67 0.986754 37.6269 308.658 681.058
8360 1300.31 0.986598 38.01 313.303 616.803
8379 2215.01 0.985194 37.9154 311.07 1039.89
8369 1452.03 0.986617 37.9652 311.548 696.614
8351 1787.73 0.985392 38.0547 311.5 832.578
8387 763.676 0.985872 37.8756 313.076 362.891
8428 1181.08 0.986709 37.6716 313.091 556.123
8398 1483.04 0.985076 37.8209 308.257 680.256
8416 1669.57 0.987174 37.7313 308.81 786.277
8372 1064.43 0.98767 37.9502 313.139 521.067
8407 745.432 0.985343 37.7761 313.183 355.842
8383 1039.52 0.986934 37.8955 310.347 506.639
8379 951.004 0.986717 37.9154 310.32 456.506
8381 637.308 0.985745 37.9055 310.091 304.56
8457 1642.12 0.986787 37.5274 309.097 779.268
8457 1331.44 0.986194 37.5274 303.957 617.224
8392 911.836 0.986438 37.8507 312.579 442.404
8440 854.455 0.986429 37.6119 305.702 399.691
8414 2206.83 0.987049 37.7413 308.672 1015.45
8474 718.289 0.985979 37.4428 305.801 339.417
8454 1299.91 0.986858 37.5423 308.93 641.055
8376 1348.19 0.985913 37.9303 311.691 647.611
8384 1776.31 0.987294 37.8905 307.852 827.472
8379 1340.8 0.986141 37.9154 310.547 627.331
8452 1218.08 0.986488 37.5522 303.064 609.696
8414 1462.13 0.986834 37.7413 309.602 693.246
8516 868.297 0.986284 37.2338 301.289 405.009
8407 926.752 0.986566 37.7761 310.853 442.826
8421 1452.36 0.986181 37.7065 304.543 664.218
8372 880.321 0.986294 37.9502 311.6 423.957
8467 864.166 0.986469 37.4776 302.901 413.995
8464 1509.38 0.98592 37.4925 305.275 705.12
8374 568.623 0.985398 37.9403 314.188 277.39
8493 1570.9 0.986378 37.3483 301.28 718.379
8384 803.642 0.986375 37.8905 309.724 396.043
8378 1449.4 0.986978 37.9204 309.414 670.392
8403 744.765 0.986178 37.796 309.461 359.035
8466 1143.57 0.98486 37.4826 305.304 534.602
8406 1047.89 0.986277 37.7811 307.418 506.601
8370 1577.49 0.98597 37.9602 310.7 744.17
8396 1021.86 0.986827 37.8308 310.324 496.269
8400 1261.03 0.98534 37.8109 311.139 566.505
8378 723.253 0.987136 37.9204 313.372 351.511
8423 1365.63 0.985686 37.6965 307.672 663.575
8436 1060.4 0.986571 37.6318 307.537 487.658
8455 1546.81 0.986489 37.5373 310.004 713.664
8381 1063.23 0.986389 37.9055 310.709 498.408
8438 1104.39 0.985933 37.6219 308.233 513.698
8476 953.126 0.986117 37.4328 303.961 443.248
8475 793.042 0.984839 37.4378 304.773 378.415
8434 891.281 0.983431 37.6418 307.195 397.934
8409 1852.91 0.987819 37.7662 313.218 877.838
8415 1215.55 0.988269 37.7363 308.775 557.005
8409 1417.16 0.986804 37.7662 307.031 661.574
8410 1031.03 0.986224 37.7612 309.86 499.918
8384 979.266 0.985599 37.8905 313.238 463.509
8450 1185.21 0.98568 37.5622 306.729 542.499
8510 1759.44 0.986271 37.2637 304.038 779.705
8370 1046.4 0.985253 37.9602 311.215 495.809
8376 1688.73 0.987329 37.9303 310.95 799.003
8450 1146.22 0.987558 37.5622 304.915 566.302
8430 1886.29 0.986877 37.6617 308.696 878.938
8434 941.045 0.986397 37.6418 304.297 444.993
8407 1511.57 0.987351 37.7761 308.797 699.388
8350 1158.05 0.986577 38.0597 313.699 572.325
8469 1110.78 0.98607 37.4677 305.607 510.872
8441 1045.32 0.985377 37.607 305.582 494.897
8342 829.857 0.986553 38.0995 314.921 413.327
8464 1356.99 0.986083 37.4925 306.427 634.81
8415 1858.53 0.987151 37.7363 312.319 888.928
8424 1165.43 0.985507 37.6915 307.781 558.196
8493 758.79 0.987199 37.3483 304.502 357.388
8414 1367.57 0.985873 37.7413 308.271 629.99
8443 1258.96 0.985567 37.597 305.895 569.189
8349 2242.34 0.986094 38.0647 315.361 992.663
8456 853.304 0.985874 37.5323 307.202 403.279
8449 1272.22 0.985174 37.5672 304.918 600.952
8368 1562.56 0.986207 37.9701 313.03 727.137
8442 1039.45 0.986254 37.602 304.763 479.657
8424 1022.7 0.98561 37.6915 310.194 476.476
8452 1216.72 0.986017 37.5522 310.459 572.934
8384 1969.11 0.987329 37.8905 310.066 978.073
8468 1076.53 0.985425 37.4726 304.649 507.764
8366 999.105 0.986328 37.9801 309.729 472.518
8392 1520.3 0.986216 37.8507 310.581 733.22
8416 1525.71 0.986479 37.7313 309.093 709.066
8430 588.405 0.983105 37.6617 309.176 283.389
8373 831.256 0.986328 37.9453 309.035 397.287
8430 1886.28 0.98612 37.6617 309.579 875.292
8480 893.957 0.9829 37.4129 307.349 437.082
8377 1588.16 0.986866 37.9254 311.31 745.692
8410 924.528 0.986381 37.7612 306.88 445.968
8421 847.437 0.986951 37.7065 307.646 413.02
8443 958.92 0.985883 37.597 309.39 457.267
8495 796.189 0.985038 37.3383 302.869 375.496
8509 1540.03 0.984673 37.2687 303.687 712.285
8452 1253.42 0.986677 37.5522 307.298 605.585
8468 1758.01 0.986555 37.4726 307.239 855.151
8338 1400.36 0.986798 38.1194 315.923 670.075
8431 1345.57 0.986774 37.6567 307.86 620.136
8448 1084.46 0.986405 37.5721 309.373 494.671
8412 947.611 0.987911 37.7512 307.248 450.225
8420 1833.68 0.987173 37.7114 307.723 826.42
8424 1230.52 0.987032 37.6915 309.833 562.77
8483 1469.41 0.986524 37.398 305.767 701.434
8438 1660.33 0.984068 37.6219 310.647 756.354
8416 1606.75 0.986678 37.7313 305.975 735.852
8458 1393.41 0.986147 37.5224 305.882 637.895
8388 758.294 0.985311 37.8706 308.472 354.602
8456 1397.77 0.986035 37.5323 307.622 654.808
8390 958.934 0.98707 37.8607 311.603 459.756
8449 1054.6 0.986259 37.5672 305.859 493.087
8439 917.791 0.985178 37.6169 312.095 443.459
8449 1370.19 0.987701 37.5672 307.505 661.218
8435 986.38 0.980723 37.6368 311.495 460.338
8414 1118.62 0.986426 37.7413 309.15 522.057
8472 1101.12 0.98589 37.4527 307.029 527.598
8440 1759.06 0.987545 37.6119 305.322 827.076
8388 1521 0.98686 37.8706 311.287 769.149
8406 1021.9 0.985881 37.7811 309.471 472.712
8411 981.409 0.986229 37.7562 309.444 451.715
8387 2151.84 0.986126 37.8756 311.134 1004.43
8404 859.521 0.985434 37.791 307.47 413.683
8403 653.487 0.985835 37.796 312.412 312.515
8403 1613.2 0.987641 37.796 307.75 740.198
8419 1988.4 0.987755 37.7164 307.969 920.263
8445 1011.43 0.987063 37.5871 305.989 479.723
8495 665.913 0.985031 37.3383 300.827 312.821
8365 1190.45 0.986266 37.9851 306.997 582.284
8436 952.736 0.98672 37.6318 310.95 379.644
8431 757.874 0.986555 37.6567 308.688 363.549
8357 1374.78 0.987094 38.0249 311.603 665.747
8388 774.139 0.986222 37.8706 309.421 371.95
8358 1154.29 0.986735 38.0199 310.541 539.687
8421 1587.15 0.986761 37.7065 309.435 732.016
8419 868.177 0.986138 37.7164 306.645 409.316
8465 971.859 0.985502 37.4876 304.723 457.438
8417 1436.66 0.986763 37.7264 307.751 684.261
8407 1260.63 0.986689 37.7761 309.835 592.518
8428 859.548 0.987192 37.6716 308.532 416.972
8499 759.945 0.986761 37.3184 303.26 356.302
8442 1016.97 0.985691 37.602 307.43 478.041
8369 2020.8 0.984283 37.9652 313.323 947.389
8395 779.638 0.987086 37.8358 309.346 371.98
8355 677.843 0.979826 38.0348 314.449 325.896
8484 2276.15 0.986278 37.393 303.949 1009.87
8446 894.196 0.986003 37.5821 306.164 428.401
8428 1051.04 0.986989 37.6716 307.673 497.32
8307 1394.28 0.986959 38.2736 315.967 662.574
8410 1680.11 0.984563 37.7612 305.607 798.107
8424 1538.13 0.985676 37.6915 307.182 712.51
8419 1456.35 0.984106 37.7164 308.791 671.049
8439 1170.3 0.985721 37.6169 305.264 560.533
8391 1180.82 0.986934 37.8557 310.334 580.595
8441 581.6 0.985114 37.607 305.681 279.157
8363 1105.61 0.98712 37.995 312.805 527.852
8410 626.166 0.985781 37.7612 310.376 302.418
8422 1047.51 0.985748 37.7015 309.345 495.025
8424 640.341 0.986288 37.6915 308.301 310.711
8438 1007.49 0.986199 37.6219 304.441 459.096
8450 1308.49 0.985875 37.5622 304.673 631.248
8455 1482.34 0.984886 37.5373 303.724 704.8
8399 2127.42 0.985279 37.8159 310.669 989.219
8425 1861.49 0.986399 37.6866 307.14 864.313
8403 1373.16 0.986105 37.796 309.33 637.594
8453 1236.28 0.986982 37.5473 306.315 563.406
8504 1461.4 0.985953 37.2935 305.962 686.008
8411 864.625 0.986783 37.7562 308.073 422.589
8439 676.85 0.985755 37.6169 305.891 323.661
8521 1864.01 0.984963 37.209 301.453 871.862
8509 1179.19 0.986826 37.2687 302.346 541.619
8399 1078.63 0.986156 37.8159 309.548 497.805
8366 1217.78 0.985623 37.9801 314.273 580.901
8404 1630.16 0.986927 37.791 306.83 804.038
8444 1385.1 0.985077 37.592 309.651 674.005
8451 878.759 0.985843 37.5572 308.216 418.848
8379 850.935 0.986777 37.9154 310.272 393.444
8413 1073.08 0.986691 37.7463 309.957 508.087
8440 866.561 0.985165 37.6119 308.629 404.137
8476 1310.85 0.986594 37.4328 304.852 610.373
8448 575.862 0.984324 37.5721 307.462 277.348
8418 1051.77 0.985966 37.7214 306.247 505.135
8458 1572.27 0.985541 37.5224 308.21 748.67
8503 1050.77 0.985704 37.2985 304.899 491.244
8433 1326.92 0.986908 37.6468 306.356 602.217
8377 991.556 0.986202 37.9254 307.059 478.644
8368 820.141 0.986738 37.9701 310.851 384.894
8444 2535.46 0.988153 37.592 307.801 1157.1
8455 1157.91 0.985285 37.5373 306.693 541.362
8434 1006.75 0.986073 37.6418 307.399 468.588
8435 1142.03 0.985252 37.6368 310.853 538.051
8465 2410.86 0.983492 37.4876 305.968 1092.28
8412 789.212 0.985396 37.7512 309.333 382.717
8396 1253.01 0.98585 37.8308 308.298 585.722
8406 1194.71 0.986706 37.7811 307.427 567.412
8443 1535.61 0.987861 37.597 308.003 689.458
8411 1708.63 0.987906 37.7562 309.825 842.61
8426 1893.75 0.985863 37.6816 309.393 875.779
8485 1403.55 0.98613 37.3881 306.972 654.565
8400 1127.56 0.987009 37.8109 309.2 532.517
8399 733.896 0.984647 37.8159 308.192 354.19
8429 684.487 0.985419 37.6667 306.152 320.936
8392 1081.59 0.986551 37.8507 312.207 549.576
8470 1842.81 0.985793 37.4627 304.088 870.941
8507 637.628 0.984365 37.2786 300.895 300.368
8432 1529.24 0.985909 37.6517 309.523 748.423
8441 927.317 0.985973 37.607 306.432 446.039
8460 737.913 0.985899 37.5124 305.855 345.555
8436 635.34 0.980114 37.6318 308.667 302.034
8416 935.225 0.986604 37.7313 308.958 429.773
8405 887.472 0.984934 37.7861 308.098 431.657
8405 897.165 0.98605 37.7861 309.086 436.156
8433 711.42 0.98173 37.6468 310.82 336.633
8425 1395.78 0.986105 37.6866 308.707 631.642
8427 1142.44 0.986329 37.6766 307.474 547.13
8456 1469.76 0.98648 37.5323 307.148 682.753
8411 1222.08 0.986337 37.7562 307.82 573.64
8365 734.46 0.986369 37.9851 314.017 350.111
8459 972.799 0.985665 37.5174 304.196 452.775
8445 1236.23 0.98564 37.5871 306.417 583.975
8398 1559.63 0.986388 37.8209 309.401 745.973
8445 773.236 0.987285 37.5871 309.539 368.745
8396 1709.39 0.985519 37.8308 308.028 787.869
8418 964.865 0.986998 37.7214 308.518 453.018
8425 1189 0.98702 37.6866 303.873 572.845
8490 1159.32 0.987042 37.3632 303.285 534.628
8411 1081.64 0.984601 37.7562 306.322 519.8
8464 1558.86 0.985878 37.4925 305.494 735.779
8450 1348.28 0.986236 37.5622 306.162 621.236
8392 1232.63 0.985872 37.8507 312.22 609.157
8367 1004.87 0.985744 37.9751 311.314 494.196
8365 1642.33 0.985615 37.9851 310.709 795.264
8433 1205.52 0.986589 37.6468 310.849 609.883
8464 1092.31 0.986587 37.4925 301.115 510.424
8478 1130.38 0.987311 37.4229 302.198 534.813
8495 1848.25 0.985741 37.3383 301.601 839.156
8412 1507.29 0.987657 37.7512 307.821 723.366
8408 1198.76 0.986815 37.7711 311.313 562.383
8382 1647.72 0.986506 37.9005 313.102 761.835
8445 639.323 0.986469 37.5871 306.449 303.249
8406 711.19 0.986462 37.7811 311.465 328.952
8392 979.708 0.986025 37.8507 309.632 460.197
8386 2276.36 0.986921 37.8806 310.043 1039.67
8421 1022.2 0.986562 37.7065 306.232 467.616
8475 1470.76 0.985465 37.4378 304.088 687.342
8445 1085.19 0.986274 37.5871 303.204 506.968
8432 809.239 0.98648 37.6517 306.868 386.325
8462 723.464 0.986133 37.5025 304.81 346.297
8394 866.046 0.986755 37.8408 312.247 408.047
8486 1171.6 0.985954 37.3831 308.054 562.645
8495 747.659 0.985169 37.3383 305.203 362.893
8421 875.129 0.985628 37.7065 307.468 405.74
8430 1771.87 0.986033 37.6617 309.863 856.99
8440 1147.8 0.987325 37.6119 307.466 521.167
8356 826.294 0.986728 38.0299 313.215 394.998
8446 1427.4 0.986898 37.5821 306.743 711.641
8394 1082.87 0.986163 37.8408 312.472 512.105
8421 868.453 0.986342 37.7065 309.766 406.134
8441 647.276 0.985499 37.607 308.869 303.619
8357 866.688 0.987413 38.0249 310.675 425.825
8489 946.255 0.985409 37.3682 304.553 447.013
8436 759.62 0.987046 37.6318 307.764 361.881
8417 1717.51 0.987036 37.7264 307.526 789.474
8362 1262.69 0.98625 38 311.91 571.56
8426 970.688 0.986784 37.6816 307.775 460.815
8434 1662.75 0.987088 37.6418 307.372 766.847
8405 983.906 0.986406 37.7861 310.082 462.357
8424 1777.7 0.986439 37.6915 308.07 849.237
8482 1230.92 0.987258 37.403 303.882 583.081
8421 1256.8 0.988689 37.7065 309.585 588.085
8419 1493.39 0.988442 37.7164 307.055 701.079
8401 1082.41 0.985319 37.806 311.706 536.531
8364 1059.18 0.986446 37.99 311.963 476.86
8426 1028.19 0.986355 37.6816 310.472 482.496
8457 791.677 0.986505 37.5274 303.908 369.242
8459 852.561 0.986731 37.5174 303.97 406.784
8423 1223.03 0.987701 37.6965 309.551 568.71
8368 1256.63 0.986793 37.9701 313.105 604.165
8428 1394.29 0.984663 37.6716 308.2 667.171
8342 1876.38 0.987356 38.0995 313.629 900.994
8331 698.211 0.985943 38.1542 315.18 329.749
8466 1566.92 0.988104 37.4826 306.225 753.675
8502 973.818 0.98558 37.3035 302.085 447.927
8430 1186.06 0.985256 37.6617 309.422 540.862
8345 815.038 0.987099 38.0846 312.667 398.788
8493 912.896 0.986393 37.3483 304.064 425.754
8362 1145.57 0.987434 38 311.349 532.319
8463 1525.64 0.986557 37.4975 306.448 735.102
8440 848.878 0.986095 37.6119 306.358 415.179
8455 1320.61 0.986909 37.5373 306.469 617.336
8417 1664.8 0.986572 37.7264 308.742 777.554
8437 847.984 0.984945 37.6269 306.426 401.026
8430 970.362 0.98578 37.6617 308.93 470.818
8453 1790.8 0.985969 37.5473 306.543 826.088
8450 826.099 0.986004 37.5622 309.208 405.267
8418 1378.31 0.986794 37.7214 309.28 654.293
8428 1555.16 0.986833 37.6716 308.737 710.088
8357 1570.41 0.986355 38.0249 311.175 715.535
8459 2070.22 0.985864 37.5174 306.019 958.35
8411 1158.77 0.985698 37.7562 309.192 555.67
8399 849.288 0.984786 37.8159 311.607 407.584
8479 1407.65 0.98598 37.4179 305.707 642.014
8358 1291.96 0.98627 38.0199 316.51 631.057
8413 1633.67 0.987671 37.7463 310.521 771.826
8416 1544.46 0.985932 37.7313 309.725 720.851
8451 1092.71 0.98761 37.5572 305.245 508.785
8380 1401.36 0.9874 37.9104 313.394 678.55
8391 952.798 0.986487 37.8557 310.102 452.842
8383 986.597 0.985559 37.8955 309.904 469.371
8446 816.344 0.986266 37.5821 306.108 368.573
8503 1150.07 0.985714 37.2985 304.925 525.611
8408 868.745 0.986256 37.7711 307.966 419.991
8437 1470.75 0.986237 37.6269 308.588 747.746
8509 726.102 0.986567 37.2687 303.18 343.192
8399 1391.56 0.987033 37.8159 309.352 660.97
8459 1169.79 0.987014 37.5174 302.345 546.765
8515 955.325 0.986275 37.2388 299.976 449.553
8365 773.327 0.985731 37.9851 311.332 377.749
8393 1120.18 0.986087 37.8458 310.359 528.986
8481 1065.36 0.986752 37.408 307.285 503.491
8459 1035.26 0.985207 37.5174 305.648 472.658
8412 1475.35 0.985735 37.7512 310.962 682.464
8462 1042 0.986303 37.5025 301.638 471.552
8365 1812.04 0.986462 37.9851 312.172 859.172
8411 1044.67 0.986349 37.7562 309.439 475.277
8427 1080.54 0.986704 37.6766 309.285 503.963
8433 1395.69 0.98797 37.6468 305.865 632.92
8426 987.578 0.986948 37.6816 304.318 466.547
8392 1295.97 0.986968 37.8507 311.87 609.591
8458 849.503 0.986384 37.5224 304.837 397.499
8460 671.968 0.985986 37.5124 306.849 321.188
8462 1124.52 0.986914 37.5025 304.286 529.871
8373 1254.65 0.98643 37.9453 308.436 581.774
8367 764.346 0.986861 37.9751 309.227 369.777
8456 1198.98 0.985715 37.5323 303.664 580.545
8406 1435.48 0.985658 37.7811 308.374 645.242
8391 1067.68 0.985561 37.8557 312.557 499.526
8398 1352.63 0.986982 37.8209 309.396 641.422
8380 985.896 0.986455 37.9104 312.109 473.768
8353 1601.5 0.985689 38.0448 313.355 733.268
8438 956.52 0.986442 37.6219 307.36 461.064
8459 965.661 0.986239 37.5174 305.932 451.458
8316 1318.18 0.987608 38.2289 317.035 619.174
8528 1236.39 0.98532 37.1741 303.017 564.177
8358 1254.69 0.987084 38.0199 316.507 625.127
8424 1607.2 0.985614 37.6915 309.525 753.683
8540 1571.79 0.986029 37.1144 303.856 745.762
8388 997.741 0.987153 37.8706 309.987 476.507
8437 958.535 0.986495 37.6269 310.213 454.191
8408 1037.49 0.986356 37.7711 313.157 510.797
8360 1069.61 0.985857 38.01 314.781 518.371
8537 1017.02 0.986032 37.1294 299.609 462.266
8389 991.009 0.986546 37.8657 307.841 483.668
8390 813.152 0.986236 37.8607 311.907 389.184
8361 1679.19 0.987139 38.005 316.378 790.327
8488 1703.48 0.986754 37.3731 305.561 759.611
8401 740.209 0.98654 37.806 312.49 348.621
8455 1267.91 0.986172 37.5373 305.81 571.846
8389 849.232 0.986515 37.8657 310.982 417.648
8393 1699.71 0.986838 37.8458 308.408 850.048
8442 739.549 0.985499 37.602 308.647 344.101
8461 1172.92 0.986627 37.5075 306.45 553.379
8433 1177 0.987265 37.6468 308.384 540.23
8481 560.761 0.985847 37.408 305.851 262.179
8493 852.486 0.985496 37.3483 302.953 386.158
8440 1113.4 0.985256 37.6119 305.287 524.213
8367 1417.14 0.987726 37.9751 309.151 683.147
8379 2410.56 0.988064 37.9154 309.813 1186.22
8360 709.155 0.98278 38.01 314.351 348.189
8422 1165.12 0.986337 37.7015 305.8 564.068
8467 1549.77 0.985941 37.4776 307.464 737.596
8447 1487.9 0.987991 37.5771 305.41 688.983
8476 1069.13 0.985025 37.4328 304.48 506.623
8464 1414.3 0.986486 37.4925 306.203 687.116
8572 2060.32 0.985849 36.9552 297.73 925.62
8355 1170.1 0.985172 38.0348 312.769 527.639
8429 992.301 0.986295 37.6667 309.474 447.358
8450 1498.58 0.98459 37.5622 300.069 703.587
8449 1161.73 0.985 37.5672 309.006 562.157
8339 1307.83 0.987542 38.1144 312.488 660.557
8362 1088.54 0.985434 38 312.885 509.203
8454 1401.19 0.986175 37.5423 307.677 643.292
8445 1166.65 0.986685 37.5871 306.932 530.078
8398 1605.9 0.986027 37.8209 309.111 738.804
8406 908.204 0.985866 37.7811 310.268 441.385
8445 1206.34 0.986 37.5871 305.072 578.216
8401 646.029 0.986754 37.806 311.009 308.227
8510 1343.22 0.986942 37.2637 302.973 628.883
8361 1221.41 0.986463 38.005 313.606 568.627
8473 988.82 0.985266 37.4478 305.925 483.554
8454 1221.69 0.985661 37.5423 309.092 562.548
8460 1055.51 0.986029 37.5124 305.925 522.044
8367 920.279 0.986491 37.9751 313.271 438.189
8383 1448.19 0.987499 37.8955 307.199 657.76
8415 865.766 0.98608 37.7363 306.886 395.902
8503 1022.84 0.984937 37.2985 304.979 454.748
8453 1275.04 0.986411 37.5473 309.032 587.209
8372 1231.11 0.986331 37.9502 308.395 588.39
8444 2004.01 0.986768 37.592 305.051 914.719
8418 1064.01 0.98614 37.7214 309.697 498.574
8448 1957.81 0.987079 37.5721 306.738 910.291
8406 1329.99 0.988155 37.7811 306.744 628.35
8491 952.216 0.986147 37.3582 302.351 439.924
8369 638.952 0.985444 37.9652 311.168 306.507
8373 1295.79 0.986287 37.9453 311.596 605.558
8456 1280.16 0.986033 37.5323 305.001 582.719
8391 1325.19 0.9871 37.8557 308.764 568.337
8414 1057.55 0.986489 37.7413 309.041 490.168
8404 1273.83 0.986335 37.791 310.431 615.635
8415 1312.83 0.987583 37.7363 307.303 643.206
8427 757.514 0.985254 37.6766 309.502 352.658
8444 1029.93 0.986047 37.592 305.107 464.983
8462 1197 0.985622 37.5025 305.375 574.585
8430 1285.97 0.986738 37.6617 308.317 610.493
8448 942.481 0.987126 37.5721 307.394 453.076
8455 1450.41 0.983998 37.5373 307.143 721.247
8459 962.426 0.98508 37.5174 304.762 459.847
8410 771.93 0.986641 37.7612 310.242 367.286
8440 1889.57 0.986287 37.6119 308.775 879.803
8430 956.015 0.984463 37.6617 308.323 455.714
8428 1681.48 0.986242 37.6716 306.91 787.014
8458 1327.72 0.987109 37.5224 303.355 609.054
8374 2004.65 0.985395 37.9403 311.188 926.615
8357 1447.03 0.987219 38.0249 311.966 693.832
8473 1415.67 0.985921 37.4478 303.933 632.329
8417 1439.34 0.985671 37.7264 306.296 652.568
8449 1191.68 0.987271 37.5672 307.299 549.657
8411 640.805 0.986158 37.7562 307.296 306.115
8453 1550.9 0.986388 37.5473 303.22 744.281
8426 1589.43 0.986389 37.6816 310.745 742.975
8454 1549.08 0.987087 37.5423 305.26 714.284
8442 1020.9 0.985849 37.602 308.143 477.851
8400 1582 0.986883 37.8109 309.9 733.274
8402 877.676 0.986491 37.801 308.386 411.87
8449 1163.43 0.985938 37.5672 310.429 566.556
8462 794.574 0.98588 37.5025 309.036 378.95
8404 855.595 0.986837 37.791 311.091 408.907
8391 1155.49 0.985943 37.8557 312.942 560.7
8372 1239.44 0.987329 37.9502 313.577 582.956
8418 810.585 0.986757 37.7214 307.208 387.113
8441 1729.69 0.98672 37.607 305.838 780.225
8402 706.652 0.987107 37.801 308.554 338.958
8404 1371.94 0.987003 37.791 309.499 660.034
8464 1145.07 0.986897 37.4925 308.729 542.176
8386 1331.58 0.987161 37.8806 308.701 624.669
8505 777.121 0.985651 37.2886 305.58 365.443
8517 1243.79 0.985551 37.2289 301.922 562.3
8408 969.2 0.986315 37.7711 308.416 456.107
8410 1069.28 0.985491 37.7612 310.454 544.247
8392 1227.19 0.98547 37.8507 312.139 565.898
8472 1276.24 0.986069 37.4527 305.138 600.028
8445 1085.94 0.985855 37.5871 305.186 527.394
8523 1009.25 0.98574 37.199 297.089 478.211
8382 1419.31 0.986608 37.9005 309.927 696.165
8465 1946.07 0.986563 37.4876 309.884 897.862
8406 765.164 0.983597 37.7811 309.654 371.487
8367 1144.25 0.986968 37.9751 309.751 547.205
8428 1151.78 0.985554 37.6716 309.958 529.641
8409 1255.09 0.985635 37.7662 309.933 605.004
8433 2134.34 0.985802 37.6468 306.437 1068.46
8422 796.879 0.986763 37.7015 308.956 373.627
8437 858.635 0.986996 37.6269 304.961 406.279
8385 1198.56 0.984952 37.8856 308.037 535.12
8418 918.941 0.986556 37.7214 306.971 443.739
8394 981.872 0.984014 37.8408 311.004 479.486
8374 1166.79 0.987226 37.9403 311.646 553.51
8426 1007.26 0.986398 37.6816 307.598 468.839
8345 1575.81 0.986246 38.0846 310.853 740.105
8413 1308.55 0.983025 37.7463 310.022 593.423
8433 1226.85 0.986936 37.6468 309.846 586.244
8410 1189.15 0.985534 37.7612 310.114 555.314
8468 1203.25 0.986391 37.4726 305.261 579.627
8390 835.842 0.986359 37.8607 307.92 400.462
8471 1781.41 0.98577 37.4577 306.692 835.727
8553 786.398 0.985854 37.0498 301.648 370.544
8435 1080.04 0.986183 37.6368 306.31 489.226
8429 1170.5 0.985171 37.6667 306.78 556.888
8372 976.348 0.985729 37.9502 311.479 470.792
8407 979.65 0.984725 37.7761 308.81 466.711
8386 1003.85 0.987496 37.8806 308.992 504.621
8421 773.895 0.987052 37.7065 307.333 359.138
8395 990.673 0.987432 37.8358 312.327 451.055
8411 1837.71 0.985991 37.7562 307.667 897.699
8464 1096.97 0.986465 37.4925 305.816 532.139
8386 1652.91 0.986945 37.8806 310.884 814.1
8373 1174.39 0.98628 37.9453 311.495 576.116
8433 2482.23 0.986873 37.6468 306.164 1204.52
8423 825 0.985922 37.6965 305.889 392.453
8429 1630.7 0.985789 37.6667 308.79 780.628
8462 740.459 0.987444 37.5025 305.236 356.565
8421 1888.9 0.986195 37.7065 309.859 880.049
8487 1726.5 0.987164 37.3781 303.635 817.49
8420 1241.96 0.98806 37.7114 308.77 604.745
8470 1348.76 0.98573 37.4627 302.472 620.996
8353 980.34 0.987311 38.0448 310.794 471.156
8426 1102.98 0.984976 37.6816 308.332 528.049
8452 1751.22 0.985931 37.5522 307.711 813.823
8398 1391.7 0.987777 37.8209 309.784 662.039
8431 652.204 0.985596 37.6567 307.23 309.942
8430 661.949 0.985657 37.6617 308.638 313.425
8464 1832.78 0.983303 37.4925 306.857 858.982
8454 646.856 0.985229 37.5423 304.257 315.543
8435 1622.83 0.986225 37.6368 308.779 815.388
8419 999.262 0.986803 37.7164 309.057 461.834
8344 1702.06 0.987411 38.0896 311.054 811.199
8399 2050.29 0.987307 37.8159 308.169 982.808
8485 1336.56 0.98671 37.3881 305.129 650.591
8410 1055.9 0.985817 37.7612 308.681 475.332
8442 1172.36 0.987528 37.602 308.243 554.673
8434 821.189 0.986833 37.6418 306.8 389.428
8453 690.756 0.986244 37.5473 306.746 322.825
8415 872.102 0.985299 37.7363 307.348 429.904
8472 1074.56 0.98623 37.4527 305.651 506.929
8475 1223.97 0.985715 37.4378 303.517 576.12
8369 757.774 0.98592 37.9652 312.629 365.026
8394 1366.35 0.986987 37.8408 309.632 701.925
8454 1618.82 0.985163 37.5423 304.742 732.27
8414 777.226 0.986114 37.7413 307.619 367.582
8386 1966.9 0.987758 37.8806 311.65 911.97
8405 1610.58 0.98743 37.7861 307.984 772.715
8374 1288.76 0.986654 37.9403 308.29 620.08
8443 1272.88 0.98625 37.597 307.72 577.347
8426 1425.2 0.986296 37.6816 307.958 713.116
8482 1437.94 0.987461 37.403 302.363 692.204
8472 1169.04 0.985001 37.4527 305.639 548.458
8393 665.579 0.986102 37.8458 308.528 310.458
8492 1502.41 0.986813 37.3532 301.383 694.235
8435 718.509 0.98573 37.6368 309.589 344.312
8456 806.44 0.986014 37.5323 307.712 379.318
8409 1316.91 0.986779 37.7662 308.597 624.591
8437 1706.55 0.987419 37.6269 307.834 806.699
8457 991.18 0.984818 37.5274 304.734 467.98
8436 1345.55 0.986288 37.6318 308.077 634.052
8401 936.145 0.986502 37.806 308.059 456.411
8421 985.52 0.986572 37.7065 309.404 465.709
8420 1038.05 0.986152 37.7114 307.424 472.764
8375 1459.06 0.987111 37.9353 311.642 723.86
8405 586.919 0.985069 37.7861 311.695 278.467
8383 1441 0.987425 37.8955 313.247 679.823
8431 1142.62 0.985272 37.6567 310.136 530.974
8401 1017.71 0.984849 37.806 308.762 479.737
8492 901.515 0.985616 37.3532 303.207 424.969
8455 1585.4 0.986825 37.5373 307.468 719.22
8504 791.647 0.985979 37.2935 301.249 382.753
8435 750.903 0.985363 37.6368 307.422 353.329
8461 1969.55 0.987645 37.5075 304.234 910.262
8442 1401.51 0.986189 37.602 305.104 630.952
8349 1213.81 0.986189 38.0647 313.568 556.503
8404 808.64 0.987212 37.791 306.785 388.134
8423 992.214 0.986887 37.6965 308.573 455.196
8433 1471.28 0.986275 37.6468 305.474 706.643
8448 849.909 0.986849 37.5721 307.136 411.154
8452 1394.96 0.986371 37.5522 303.501 661.159
8467 1274.25 0.984312 37.4776 304.194 587.437
8381 1321.34 0.986723 37.9055 309.354 634.096
8407 1135.47 0.986419 37.7761 311.03 584.872
8458 1173.78 0.985839 37.5224 305.173 556.395
8423 750.452 0.984987 37.6965 306.726 352.824
8417 1008.61 0.984924 37.7264 308.161 484.104
8415 972.739 0.986302 37.7363 308.128 444.325
8428 1192.44 0.988607 37.6716 310.765 548.284
8461 1006.92 0.984711 37.5075 306.591 472.426
8438 1526.31 0.987158 37.6219 307.874 729.511
8386 1238.35 0.98733 37.8806 313.022 576.83
8413 1125.09 0.986439 37.7463 307.131 537.752
8507 1429.12 0.98631 37.2786 303.348 677.333
8344 1510.49 0.987708 38.0896 309.964 725.635
8497 1638.01 0.985562 37.3284 303.832 756.409
8405 1322.07 0.985962 37.7861 308.964 662.299
8390 1447.97 0.986943 37.8607 306.989 621.88
8388 1338.32 0.986118 37.8706 313.282 638.548
8409 1427.93 0.986922 37.7662 306.323 654.867
8395 1093.99 0.986046 37.8358 309.714 515.646
8397 729.907 0.986118 37.8259 311.293 357.229
8419 1744.83 0.9859 37.7164 307.078 823.441
8384 1254.7 0.985681 37.8905 312.129 578.476
8430 1119.98 0.986222 37.6617 307.242 517.928
8420 2816.89 0.986065 37.7114 307.657 1081.57
8498 1159.04 0.984426 37.3234 304.285 543.333
8363 1977.11 0.984234 37.995 311.716 997.611
8460 1276.16 0.986901 37.5124 304.401 593.118
8470 935.698 0.985473 37.4627 306.194 422.328
8477 819.848 0.985351 37.4279 303.614 389.547
8429 1792.96 0.986018 37.6667 310.559 830.215
8396 603.242 0.984067 37.8308 309.598 287.082
8360 846.905 0.987218 38.01 312.003 412.469
8390 811.027 0.986892 37.8607 308.817 397.954
8445 1632.6 0.984828 37.5871 307.282 752.468
8462 595.934 0.986107 37.5025 309.013 279.167
8382 735.337 0.982741 37.9005 314.198 354.16
8412 1071.1 0.987753 37.7512 309.511 509.902
8432 1920 0.985856 37.6517 307.422 890.939
8376 1314.74 0.986966 37.9303 311.389 603.816
8420 1017.59 0.986558 37.7114 306.121 476.377
8461 1573.19 0.985562 37.5075 307.954 719.884
8338 2079.04 0.98743 38.1194 314.806 967.176
8412 1929.38 0.986193 37.7512 309.5 953.005
8391 848.588 0.985647 37.8557 309.858 398.995
8415 975.49 0.985125 37.7363 307.904 456.725
8485 1623.28 0.986455 37.3881 303.655 744.294
8425 1734.03 0.986899 37.6866 306.094 821
8400 1116.86 0.986441 37.8109 310.32 507.705
8413 1551.24 0.985082 37.7463 309.354 709.721
8440 1200.53 0.987101 37.6119 305.362 594.057
8420 1266.66 0.985347 37.7114 309.465 595.977
8426 1318.44 0.986129 37.6816 307.211 613.472
8406 1781.21 0.986852 37.7811 309.49 837.693
8441 968.121 0.98541 37.607 304.941 432.83
8395 1100.56 0.986793 37.8358 308.51 532.242
8466 1215.02 0.985859 37.4826 305.6 559.747
8400 1448.4 0.986115 37.8109 313.597 662.458
8448 1106.68 0.986606 37.5721 307.57 519.929
8377 1373.65 0.986867 37.9254 311.02 668.64
8514 1641.99 0.985286 37.2438 304.898 762.138
8430 1200.39 0.986076 37.6617 304.705 568.61
8355 883.918 0.986645 38.0348 313.396 407.162
8435 1260.11 0.985896 37.6368 308.018 599.128
8406 899.216 0.986673 37.7811 306.836 437.507
8443 1515.47 0.986513 37.597 306.126 719.02
8424 859.041 0.985664 37.6915 308.123 406.714
8451 731.7 0.985671 37.5572 307.63 345.055
8387 708.636 0.984872 37.8756 312.697 339.27
8403 1687.27 0.98614 37.796 309.236 784.87
8411 1802.42 0.98726 37.7562 308.62 821.706
8446 989.853 0.986075 37.5821 305.59 483.674
8505 826.854 0.985471 37.2886 302.512 377.406
8458 1788.47 0.987473 37.5224 303.373 818.842
8405 1145.26 0.981762 37.7861 309.842 558.816
8434 853.465 0.984155 37.6418 309.242 404.19
8406 917.673 0.985718 37.7811 312.725 439.832
8489 1354.14 0.986081 37.3682 303.865 616.834
8469 971.84 0.985989 37.4677 308.131 457.325
8419 812.86 0.986548 37.7164 310.273 386.328
8444 1099.52 0.987229 37.592 303.404 540.257
8427 1665.13 0.985887 37.6766 306.264 771.488
8516 1207.12 0.98594 37.2338 302.201 549.796
8469 1451.42 0.985277 37.4677 307.733 658.864
8457 1286.92 0.985302 37.5274 309.03 585.739
8416 848.456 0.985542 37.7313 307.783 413.005
8452 1147.86 0.986045 37.5522 305.869 549.48
8468 920.974 0.986996 37.4726 304.263 417.619
8413 1474.01 0.985731 37.7463 306.195 690.88
8417 2051.09 0.987877 37.7264 307.815 957.288
8449 1438.85 0.987507 37.5672 308.104 669.171
8337 964.902 0.986432 38.1244 315.026 475.103
8350 1509.02 0.986026 38.0597 312.881 750.552
8417 800.46 0.986247 37.7264 309.335 380.057
8398 1121.26 0.986287 37.8209 308.023 533.585
8399 1587.95 0.986149 37.8159 311.661 732.804
8433 1127.33 0.985169 37.6468 306.909 516.97
8331 2284.11 0.987005 38.1542 310.775 1103.38
8388 833.3 0.986196 37.8706 308.951 356.696
8437 1226.24 0.986143 37.6269 307.608 594.74
8391 738.161 0.986288 37.8557 312.294 356.148
8420 1037.27 0.983988 37.7114 308.758 472.638
8442 751.283 0.986082 37.602 307.898 351.255
8393 979.404 0.985894 37.8458 309.376 466.188
8328 786.355 0.986564 38.1692 315.743 369.679
8393 1272.8 0.986872 37.8458 310.958 600.189
8425 973.843 0.983737 37.6866 310.881 453.006
8436 837.701 0.986254 37.6318 309.749 382.682
8345 1555.45 0.987253 38.0846 310.999 723.395
8431 1111.73 0.987129 37.6567 306.918 526.843
8456 680.896 0.986231 37.5323 304.824 325.045
8455 1026.96 0.985755 37.5373 310.685 472.834
8431 1164.99 0.986228 37.6567 308.529 555.974
8427 1465.29 0.9856 37.6766 309.932 667.898
8345 1072.48 0.985987 38.0846 314.175 483.305
8410 991.67 0.987101 37.7612 306.984 459.449
8381 996.632 0.986316 37.9055 311.343 479.257
8383 1799.75 0.987214 37.8955 308.498 872.463
8418 1677.54 0.987809 37.7214 305.321 796.9
8458 758.505 0.985528 37.5224 305.181 361.047
8420 1229.68 0.986911 37.7114 308.379 597.917
8403 1193.26 0.987032 37.796 308.039 570.589
8377 1154.97 0.987058 37.9254 308.431 544.657
8451 1241.56 0.98529 37.5572 306.457 571.493
8408 1207.1 0.983995 37.7711 310.848 584.454
8408 1499.22 0.986691 37.7711 311.424 701.913
8364 1309.75 0.986345 37.99 313.332 634.864
8347 1177.68 0.985626 38.0746 312.806 556.946
8447 1678.27 0.987312 37.5771 306.872 761.311
8392 1438.73 0.986482 37.8507 309.318 649.05
8354 545.658 0.984708 38.0398 312.033 259.066
8430 1024.27 0.984685 37.6617 307.232 502.009
8435 1401.47 0.986959 37.6368 307.875 669.763
8434 673.884 0.986321 37.6418 310.263 324.653
8360 1102.4 0.985418 38.01 314.847 507.88
8439 1151.49 0.985667 37.6169 308.631 543.609
8426 931.153 0.986395 37.6816 306.681 438.637
8406 983.39 0.986206 37.7811 308.715 470.366
8485 2134.98 0.986992 37.3881 305.764 971.669
8352 1144.82 0.984921 38.0498 313.927 538.649
8342 1261.6 0.985565 38.0995 311.236 586.644
8410 1123.07 0.987236 37.7612 310.669 514.198
8420 1487.73 0.987048 37.7114 307.955 685.243
8473 1252.1 0.986007 37.4478 307.347 590.787
8416 912.24 0.985654 37.7313 312.329 414.458
8386 2557.98 0.987274 37.8806 308.276 1236.89
8424 1422.09 0.986791 37.6915 308.227 692.739
8381 1549.76 0.986321 37.9055 309.55 717.275
8413 913.747 0.985788 37.7463 310.421 436.995
8434 1316.79 0.985206 37.6418 306.149 617.197
8452 979.672 0.986796 37.5522 304.973 461.867
8436 1340.39 0.985519 37.6318 308.799 640.348
8395 1468.58 0.987592 37.8358 312.644 694.586
8401 1877.11 0.986134 37.806 311.559 892.63
8423 1369.36 0.986547 37.6965 311.319 648.908
8457 1428.14 0.98728 37.5274 306.704 649.767
8415 1081.49 0.987103 37.7363 305.803 494.106
8433 929.993 0.985336 37.6468 306.155 427.998
8434 1599.25 0.985329 37.6418 303.056 725.458
8452 1407.31 0.985239 37.5522 306.197 664.44
8430 1041.67 0.985642 37.6617 309.06 499.578
8436 989.195 0.985973 37.6318 307.454 473.532
8479 809.425 0.985354 37.4179 303.642 393.719
8344 1287.28 0.986495 38.0896 313.11 612.124
8459 1355.7 0.985421 37.5174 306.515 640.529
8457 2186.07 0.98554 37.5274 303.99 1025.76
8442 1067.2 0.986908 37.602 307.76 505.734
8352 957.769 0.985361 38.0498 315.315 475.776
8464 1251.78 0.986502 37.4925 304.762 605.907
8370 1782.37 0.987612 37.9602 310.472 853.818
8419 959.657 0.986564 37.7164 306.492 453.992
8453 1435.93 0.987187 37.5473 304.705 695.397
8377 1420.46 0.987349 37.9254 309.645 661.003
8361 1579.57 0.986632 38.005 313.29 731.549
8421 1190.82 0.985995 37.7065 306.232 538.629
8445 735.522 0.986164 37.5871 306.276 351.845
8366 1045.28 0.987046 37.9801 312.898 515.943
8423 565.429 0.986357 37.6965 308.115 267.272
8427 2180.19 0.986251 37.6766 308.572 1006.12
8411 769.21 0.985351 37.7562 306.682 359.41
8455 1493.87 0.986669 37.5373 305.768 670.598
8434 7215.09 0.987966 37.6418 311.299 2221.38
8537 802.048 0.986433 37.1294 299.29 370.16
8401 1141.56 0.986062 37.806 310.604 531.112
8405 1177.45 0.987217 37.7861 309.93 543.381
8467 1310.6 0.981965 37.4776 304.514 633.054
8451 1049.14 0.986892 37.5572 304.327 491.844
8430 1180.71 0.985384 37.6617 307.504 542.286
8520 826.847 0.985909 37.2139 299.128 387.631
8440 1062.91 0.986675 37.6119 307.043 492.514
8469 765.596 0.98669 37.4677 303.791 364.004
8396 1562.07 0.985577 37.8308 308.752 718.635
8426 928.936 0.985986 37.6816 303.999 451.59
8472 1904.59 0.985728 37.4527 309.208 908.024
8403 601.706 0.985095 37.796 310.709 289.592
8396 1695.08 0.985924 37.8308 313.003 668.541
8438 729.565 0.98495 37.6219 306.2 348.139
8423 791.718 0.986273 37.6965 308.778 374.135
8434 1041.85 0.984563 37.6418 309.981 488.134
8415 1333.02 0.986428 37.7363 307.351 622.667
8451 969.724 0.985689 37.5572 304.378 443.79
8407 1066.36 0.986645 37.7761 307.904 514.956
8381 1159.8 0.986674 37.9055 311.416 544.071
8422 1041.13 0.985228 37.7015 310.192 492.95
8421 881.969 0.988244 37.7065 311.236 424.178
8432 1638.55 0.985275 37.6517 309.411 738.062
8395 1163.46 0.986334 37.8358 309.828 555.819
8377 1026.02 0.98647 37.9254 310.967 475.361
8448 971.151 0.986224 37.5721 306.293 454.773
8401 1081.44 0.987312 37.806 311.147 499.178
8449 1246.6 0.984982 37.5672 309.221 564.941
8399 939.95 0.985162 37.8159 310.701 444.841
8455 916.626 0.984347 37.5373 306.682 452.797
8448 1493.95 0.986076 37.5721 306.394 690.475
8369 1535.43 0.985929 37.9652 310.518 742.303
8476 1752.71 0.986793 37.4328 305.853 829.156
8418 1535.53 0.986552 37.7214 311.682 707.536
8382 594.166 0.985511 37.9005 313.03 281.945
8408 1031.94 0.985812 37.7711 309.5 464.651
8472 1549.13 0.986983 37.4527 301.46 780.187
8380 1633.08 0.986864 37.9104 309.533 761.535
8463 1651.38 0.986465 37.4975 304.174 747.374
8369 1144.36 0.987467 37.9652 311.566 536.117
8431 872.292 0.986537 37.6567 309.201 417.506
8396 1043.14 0.986194 37.8308 313.893 482.594
8414 925.608 0.985632 37.7413 305.69 423.911
8440 1039.15 0.987324 37.6119 305.659 505.433
8438 947.501 0.986024 37.6219 310.252 447.979
8371 675.303 0.986076 37.9552 308.097 331.299
8427 1149.8 0.98658 37.6766 304.144 534.659
8462 1268.49 0.985203 37.5025 305.751 599.287
8398 1548.79 0.986313 37.8209 308.775 735.67
8364 1120.2 0.98672 37.99 311.261 527.128
8412 774.607 0.986034 37.7512 312.719 363.502
8416 690.832 0.986921 37.7313 308.06 335.088
8362 822.524 0.985683 38 313.256 394.501
8450 1185.34 0.986737 37.5622 306.125 560.956
8407 1002.63 0.986025 37.7761 308.613 470.187
8444 1109.19 0.985001 37.592 306.042 517.664
8435 1092.68 0.985535 37.6368 307.278 527.446
8460 1469.76 0.986234 37.5124 304.048 673.871
8410 1154.3 0.987349 37.7612 307.991 543.828
8455 1148.45 0.986261 37.5373 305.084 533.575
8448 1126.05 0.986084 37.5721 305.703 533.364
8410 804.343 0.986272 37.7612 311.686 392.983
8421 834.6 0.98607 37.7065 309.548 401.212
8408 1093.02 0.986049 37.7711 308.64 506.915
8438 1277.4 0.987395 37.6219 308.092 595.302
8466 1058.64 0.986268 37.4826 304.276 496.487
8448 1228.77 0.986222 37.5721 308.208 548.497
8453 1745.06 0.986892 37.5473 307.151 818.255
8368 1121.13 0.987222 37.9701 312.239 533.075
8386 1051.52 0.987215 37.8806 313.043 499.16
8350 751.062 0.986492 38.0597 311.762 365.781
8412 1048.73 0.985004 37.7512 309.237 473.806
8438 983.412 0.985525 37.6219 307.001 465.594
8408 1133.82 0.986475 37.7711 311.754 533.782
8400 935.445 0.98586 37.8109 310.039 431.24
8410 1099.94 0.986152 37.7612 309.701 512.282
8334 1560.18 0.985652 38.1393 316.638 783.074
8429 1516.22 0.986452 37.6667 305.106 738.424
8399 897.26 0.986816 37.8159 309.453 425.731
8398 883.695 0.984205 37.8209 312.446 413.322
8468 1220.12 0.986134 37.4726 305.138 587.68
8373 1433.43 0.985771 37.9453 311.345 715.265
8414 1839.5 0.985832 37.7413 309.725 849.421
8404 1752.01 0.986796 37.791 311.766 786.799
8398 1501.51 0.986959 37.8209 310.12 698.477
8399 1017.03 0.985668 37.8159 310.456 504.862
8419 738.059 0.98553 37.7164 310.463 350.334
8458 1022.2 0.985902 37.5224 303.536 490.651
8399 1099.9 0.987014 37.8159 309.445 512.921
8471 1052.58 0.986434 37.4577 304.257 476.829
8399 1218.6 0.986726 37.8159 309.772 577.642
8484 1310.14 0.985179 37.393 303.774 604.275
8483 1918.89 0.985889 37.398 302.005 882.308
8382 1525.05 0.986782 37.9005 310.164 709.589
8376 1671.62 0.987261 37.9303 312.79 801.1
8453 1810.09 0.987645 37.5473 308.441 810.942
8443 1313.65 0.985737 37.597 308.195 618.105
8452 1467.61 0.985473 37.5522 304.363 687.528
8423 1166.99 0.986352 37.6965 306.258 545.074
8435 1137.34 0.98637 37.6368 307.093 525.67
8431 1481.85 0.986545 37.6567 307.493 676.816
8413 706.825 0.987009 37.7463 307.951 338.081
8392 740.359 0.986126 37.8507 311.041 355.765
8435 1036.83 0.986905 37.6368 308.747 485.334
8382 1523.14 0.985899 37.9005 312.617 687.005
8463 1995.34 0.986989 37.4975 305.204 915.145
8417 888.808 0.986956 37.7264 308.89 403.822
8491 1566.34 0.98703 37.3582 304.804 742.075
8446 1191.15 0.986891 37.5821 307.066 554.342
8392 1270.08 0.986002 37.8507 309.424 615.964
8363 2237.44 0.986587 37.995 311.892 1033.06
8401 1239.86 0.985967 37.806 309.691 577.154
8386 882.299 0.984799 37.8806 312.576 437.333
8340 703.271 0.985479 38.1095 310.627 337.798
8369 1302.93 0.985321 37.9652 312.869 633.683
8476 775.789 0.986709 37.4328 307.376 369.914
8427 1884.41 0.987375 37.6766 306.646 870.14
8438 1814.49 0.986316 37.6219 306.578 839.358
8425 702.107 0.985918 37.6866 307.294 342.483
8427 993.848 0.985315 37.6766 308.096 472.024
8512 852.427 0.985285 37.2537 302.925 412.261
8426 912.941 0.987123 37.6816 307.852 433.078
8529 905 0.985054 37.1692 300.38 433.286
8445 1036.13 0.987559 37.5871 306.002 496.623
8415 693.898 0.985957 37.7363 311.218 333.141
8428 980.409 0.985522 37.6716 307.01 450.593
8386 1476.85 0.98688 37.8806 312.97 678.036
8463 1696.46 0.987797 37.4975 307.584 786.821
8412 931.016 0.985169 37.7512 309.531 442.187
8427 1076.36 0.986317 37.6766 306.763 501.212
8358 1228.59 0.986452 38.0199 312.498 586.192
8406 1207.61 0.987207 37.7811 310.052 572.196
8453 902.037 0.987252 37.5473 305.193 445.879
8341 2212.69 0.986039 38.1045 316.952 1051.12
8410 1181.37 0.985574 37.7612 309.068 570.062
8452 1896.71 0.987219 37.5522 307.719 867.6
8376 1324.34 0.987277 37.9303 309.325 603.677
8436 1280.47 0.985978 37.6318 305.861 610.844
8398 1292.63 0.9867 37.8209 307.649 601.263
8415 947.346 0.986011 37.7363 308.966 472.339
8428 1078.05 0.987017 37.6716 306.427 517.041
8519 1490.64 0.985502 37.2189 301.796 716.792
8443 927.255 0.98688 37.597 304.233 435.029
8456 1183.93 0.98693 37.5323 304.71 546.666
8429 779.591 0.987192 37.6667 307.088 367.63
8483 908.375 0.986112 37.398 306.856 434.433
8466 1497.05 0.987011 37.4826 306.809 696.999
8457 1548.12 0.983746 37.5274 308.438 701.569
8499 1362.57 0.986399 37.3184 305.231 616.009
8468 1574.37 0.98699 37.4726 304.999 726.597
8401 1588.74 0.985806 37.806 309.193 785.814
8433 992.576 0.985755 37.6468 307.097 467.895
8430 1808.97 0.987564 37.6617 309.08 857.805
8401 792.574 0.986014 37.806 307.293 384.967
8356 1570 0.98597 38.0299 314.373 759.104
8373 778.669 0.984932 37.9453 310.408 379.176
8426 1604.96 0.985874 37.6816 308.673 736.318
8389 749.302 0.986565 37.8657 313.318 343.719
8404 1084.36 0.987142 37.791 307.898 519.147
8522 1270.54 0.984114 37.204 301.517 605.651
8435 1175.8 0.98659 37.6368 307.945 555.833
8495 1261.03 0.985265 37.3383 304.459 580.747
8483 1487.63 0.986496 37.398 304.027 691.926
8405 1139.17 0.986397 37.7861 309.39 533.231
8433 987.71 0.984275 37.6468 308.875 467.706
8435 1109.17 0.98667 37.6368 307.208 525.977
8425 680.532 0.985463 37.6866 310.995 319.334
8398 1170.22 0.984401 37.8209 312.449 557.841
8366 945.97 0.985135 37.9801 309.652 461.985
8471 1018.05 0.985182 37.4577 304.647 479.554
8393 1287.47 0.985924 37.8458 310.761 602.149
8370 635.559 0.987587 37.9602 311.528 304.21
8401 1522.94 0.987659 37.806 310.341 715.796
8406 1166.04 0.987017 37.7811 307.666 568.773
8422 1764.43 0.987166 37.7015 305.214 832.721
8479 789.738 0.985341 37.4179 307.714 381.901
8438 637.195 0.98661 37.6219 308.982 293.463
8484 1139.08 0.987774 37.393 303.091 536.654
8405 1962.63 0.987342 37.7861 310.387 913.71
8479 1297.7 0.983354 37.4179 305.032 608.243
8381 1627.71 0.986782 37.9055 307.669 802.567
8438 1196.99 0.986539 37.6219 304.932 569.443
8365 1420.01 0.986854 37.9851 311.843 688.348
8457 854.63 0.984757 37.5274 305.273 413.237
8423 827.989 0.986834 37.6965 307.324 389.067
8382 1335.79 0.98651 37.9005 310.879 638.156
8427 1960.11 0.986332 37.6766 309.601 890.385
8376 1842.44 0.987758 37.9303 310.339 860.355
8426 1525.92 0.986402 37.6816 312.002 712.236
8467 1047.75 0.986163 37.4776 306.761 507.847
8412 1494.53 0.987313 37.7512 311.659 693.61
8379 1805.72 0.986645 37.9154 310.114 851.302
8413 1712.78 0.986753 37.7463 309.62 778.298
8413 1368.92 0.98721 37.7463 308.931 637.476
8382 728.512 0.986165 37.9005 308.75 356.911
8447 1230.83 0.987066 37.5771 308.205 573.095
8434 1677.47 0.986733 37.6418 305.528 766.806
8392 957.853 0.987002 37.8507 309.855 457.793
8421 1547.43 0.982719 37.7065 311.925 720.905
8445 1687.2 0.984483 37.5871 305.63 765.894
8382 967.396 0.983558 37.9005 312.835 443.246
8418 1632.26 0.987546 37.7214 309.431 830.291
8484 879.491 0.985692 37.393 305.62 425.95
8451 1179.07 0.987011 37.5572 308.973 544.36
