971.534 -203.03
-71.6789 -1665.68
-1303.81 1096.67
-560.756 -339.08
-1571.55 -129.441
-1071.54 506.235
600.756 -884.219
1112.94 636.204
-703.477 636.16
-201.723 -1612.66
-958.533 1028.53
-904.883 -1109.27
1609.11 512.424
780.922 -1157.83
1598.02 134.631
-1394.27 1008.03
-381.68 1510.27
793.105 12.5441
-394.389 -390.181
-1050.86 -235.83
432.379 234.721
-478.4 818.673
562.834 -233.116
-308.403 -295.583
-644.369 222.983
1436.09 489.488
1094.38 -1117.74
216.998 -997.11
885.667 257.506
-1179.7 -44.6609
-151.701 -1427.34
-510.642 965.954
1460.1 -788.864
-367.582 -1479.55
-1590.92 89.7547
-740.476 -124.063
-1206.5 372.866
763.943 689.246
286.734 -1501.23
-204.385 515.048
-1208.49 741.21
-1550.96 -341.946
-1461.84 41.5024
594.514 -1063.04
95.8868 1198.77
-694.866 774.542
-1001.61 605.048
1606.11 -312.686
960.641 -809.564
-589.723 630.042
-410.854 509.62
-655.688 -520.564
-611.024 1070.04
816.299 1010.53
-913.018 -1406.84
782.096 1317.45
230.196 -563.301
-461.55 933.313
303.559 -1188.16
1250.18 -447.085
-126.701 -901.107
-1200.76 38.586
-1407.28 -721.19
-993.098 1167.62
213.683 175.966
-1048.67 -824.379
814.39 357.769
-510.046 -172.963
-1365.17 -718.758
-163.747 -355.148
-188.147 -1430.24
795.845 414.491
953.332 -127.23
299.047 382.143
122.916 383.975
-241.751 -1269.91
1259.84 -800.857
-1545 -588.53
1114 687.108
-769.376 -11.2563
-335.725 -770.257
1048.98 -632.725
-1154.94 599.8
481.062 1055.32
1418.88 -390.772
-1027.33 1159.12
153.909 -1404.7
-1141.29 -557.491
-1196.17 1007.96
-1503.33 -603.963
-356.796 119.793
746.308 1431.32
-224.096 -1322.17
-1213.26 -852.571
-984.559 -371.492
-1365.12 -115.605
-1027.03 276.636
569.998 8.95997
1178.74 -1190.66
1202.14 -380.179
-324.456 -216.593
1004.24 494.023
228.889 -701.882
722.52 425.433
-656.96 -327.989
843.976 874.836
86.2326 -148.487
62.0521 -1379.39
-871.751 -393.202
-1377.42 -55.9519
96.3867 80.9874
-331.44 901.428
786.685 -1102.44
894.23 -251.523
-40.8633 -669.937
-1209.22 -848.112
769.442 963.081
-1289.53 -299.151
-743.182 1393.35
42.1605 -1479.07
-48.0773 -235.564
863.632 337.299
823.934 1423.19
826.447 434.092
-951.758 -803.399
-536.777 -155.251
-1694.32 -88.9068
417.51 -1321.86
-1290.59 1116.53
643.635 -204.27
-634.495 -387.952
-128.252 -1368.85
-1138.33 613.892
652.794 -534.595
794.175 1108.54
187.107 839.63
-313.303 -1621.88
-520.162 1542.83
-199.496 -1302.26
1671.38 -254.678
117.365 -1409.55
32.0316 999.485
1343.05 -72.199
729.081 -536.805
-897.247 1039.61
54.2985 760.443
567.004 1339.89
-753.038 -1523.63
1063.29 -1337.98
1032.75 268.73
1436.22 -697.572
-1163.3 627.804
1064.51 505.835
-861.504 1225.58
266.796 100.956
-1611.49 -79.1764
1148.12 1142.96
242.701 -227.47
417.615 -1514.43
-107.341 450.782
-201.67 -1119.73
-845.096 1201.69
-23.7423 1204.7
-496.694 -1216.15
-324.802 -1089.08
-1247.94 918.541
-154.305 -195.835
623.982 -1188.28
-119.059 541.343
43.1532 1210.42
-1165.79 -1223.07
-38.6669 1389.82
-115.301 -472.956
1052.4 600.082
-571.406 -553.039
1249.88 776.562
453.077 1087.72
-448.981 -1615.18
7.30606 660.049
767.139 62.2865
1389.65 -225.661
427.01 -171.136
701.974 -184.76
-367.446 905.703
442.696 -1279.15
-358.668 -490.489
-1231.96 1006.06
-528.588 1102.92
-278.928 -86.5087
919.067 1054.82
503.973 46.5619
61.8114 -1447.73
564.839 -1254.5
-822.744 24.0897
-626.755 89.7689
212.885 604.8
-450.156 797.003
-149.714 1077.23
1199.45 406.235
-185.502 -634.93
-170.008 998.887
1232.52 -700.148
-1370.77 -196.337
-897.898 -149.456
187.042 -835.152
-518.104 44.695
139.393 777.88
371.019 1147.39
373.145 -8.1545
-1075.8 664.82
-1285.04 461.344
-353.005 213.367
1279.65 -467.708
-946.124 -24.9552
-1350.93 -326.504
-517.064 -1361.48
-963.128 -12.6216
1421.38 -880.035
459.638 -531.386
-787.123 1346.11
758.448 -1453.9
936.876 1079.87
-702.959 -1291.77
871.758 1042.78
147.354 -62.3334
-399.994 702.372
135.778 -1644.88
-526.666 689.969
-1303.88 -943.827
925.682 1006.07
969.814 532.771
1558.86 -691.651
281.867 -1612.81
141.633 -10.9479
1642.11 84.7615
-1520.98 -348.313
-725.786 1150.57
-1233.38 249.1
-31.4446 -645.762
56.2605 -242.636
-228.783 -304.217
1452.95 264.911
1099.43 -259.944
-258.378 235.383
-95.7306 199.632
901.192 -639.003
764.263 1045.9
725.261 1504.09
1020.54 378.769
-1586.81 -440.139
-725.692 425.593
-667.063 163.933
-1256.91 926.885
-1239.13 891.361
1174.15 -313.452
1128.76 131.603
837.391 874.302
899.116 -1027.15
1149.57 -1123.51
-1313.66 332.648
1034.19 105.686
-716.833 429.656
256.124 941.492
-337.848 -349.901
-797.301 -673.893
465.327 17.8252
-465.839 1544.9
-269.536 1037.63
460.925 -1245.85
-262.778 1335.38
-426.201 -634.924
-293.881 -1150.21
-285.819 1565.19
294.824 -653.132
-1066.06 -353.426
-1113.39 294.449
-147.315 1440.27
-1203.79 -610.646
1519.76 -234.212
68.3432 1059.83
-108.683 1470.86
1528.96 133.045
-982.468 108.119
206.261 1587.53
-47.4967 -637.108
443.33 -63.4746
646.618 65.7203
-492.341 -982.123
-1448.14 -69.7323
234.655 -1032.38
316.354 -947.609
623.154 330.203
-592.627 515.412
1554.28 -574.813
930.934 1104.39
143.945 387.855
-854.442 20.8234
611.178 -1382.68
447.366 -461.374
-950.691 799.879
-285.205 -493.689
1039.38 -530.198
-367.639 -1217.27
380.87 -1279.41
-1289.81 -698.533
223.66 1502.43
-523.707 1117.66
788.418 308.993
1311.53 22.7848
-951.88 763.773
1151.63 233.387
-1473.71 173.633
1172.32 -21.8432
-772.003 -388.152
-1443.98 -168.961
598.527 561.33
-1402.04 175.011
-859.087 610.973
-1006.61 579.505
-351.486 216.106
198.178 -417.649
-421.623 284.013
1683.25 82.6315
934.534 -1191.64
-60.2245 -1624.72
526.423 -1251.47
-1254.03 227.922
-238.479 -141.888
-1008.69 1341.42
-814.354 -1312.15
526.974 956.816
431.15 -674.703
-174.829 -31.3501
189.277 516.024
790.989 -1393.8
-453.898 680.37
-1057.07 -620.669
-100.034 -1401.3
-1317.21 865.735
82.681 1030.93
-1.9018 -1157.44
1252.02 -536.257
678.396 698.682
-1314.74 477.439
-1670.49 62.7132
676.247 -657.963
639.077 882.302
900.434 -969.191
-1109.15 310.668
-1139.89 562.343
514.532 -990.703
-114.218 934.741
-637.686 -776.226
370.086 19.6267
415.037 1042.56
730.482 -1390.97
163.07 435.997
79.2057 -545.742
1639 476.051
-256.317 -1241.87
291.818 -544.389
849.053 719.8
339.858 1322.51
486.769 -1532.88
-439.673 183.229
-1169.14 -972.49
-1078.04 844.092
1051.78 739.87
-961.671 653.356
463.263 944.393
-309.768 -549.583
23.0011 -1460.98
542.839 -126.158
1262.81 -484.984
316.742 912.363
1524.6 149.165
-974.877 51.7947
-772.511 -784.896
460.242 405.256
731.708 -1489.37
1172.64 -8.82674
1627.02 -318.053
-758.137 615.555
-868.998 -503.912
-1406.26 363.052
228.058 -90.0158
-797.396 -989.226
-1391.13 190.713
1473.42 457.178
648.793 -76.7733
-140.758 -125.971
493.155 407.699
-993.37 -1234.86
1338.18 362.14
979.544 385.37
1560.85 -612.154
1206.58 -287.41
380.445 1161.03
1059.49 -1202.39
-948.906 -899.935
-292.496 -148.04
787.184 536.008
-1432.36 311.476
-231.147 853.356
448.589 -837.929
-1437.76 11.3931
840.901 1290.93
-670.054 -1388.88
-461.542 435.756
472.624 -736.17
701.299 1493.74
-1032.86 208.891
1059.24 112.41
-740.555 -537.064
-985.795 -884.476
-595.366 -585.702
1268.55 478.676
828.246 -1102.31
-1316.05 451.492
1384.84 803.853
906.64 -644.947
-135.558 1256.18
602.912 -1024.1
1152.83 -642.116
-738.371 344.89
-156.436 -1612.13
94.6178 12.8793
-1436.96 -872.732
-15.0592 1030.66
658.058 -304.516
899.172 124.054
-1507.47 -276.907
-942.981 -933.889
1161.48 -485.379
-42.1345 730.68
657.756 307.903
-1290.61 -274.395
-1255.1 -455.791
-1241.33 609.741
-1212.76 -687.566
134.837 755.66
182.822 -331.719
1307.38 -1110.09
664.54 -1197.76
1598.95 -588.264
-451.811 754.798
740.378 1373.52
626.643 -1285.18
-1261.31 66.8724
949.556 1058.03
-1140.04 -144.454
1282.05 -426.47
927.782 972.883
-1239.71 -56.3944
845.723 -401.39
643.934 394.844
1236.59 1101.86
1395.16 340.476
-357.778 -80.6935
-571.113 74.0724
-550.007 -1532.58
1094.67 979.794
355.076 -456.491
-1149.12 701.29
-1505.92 -813.667
854.892 -1120.93
-993.313 314.702
-1288.63 -877.663
-919.289 926.612
-55.7851 -246.096
-586.081 -1493.11
487.903 -531.825
-18.9131 811.781
865.962 -1436.68
-497.734 -559.863
-751.406 -816.194
39.195 -717.745
-29.24 1218.95
-304.012 -1338.53
-743.202 -1077.77
1021.88 -1162.86
433.235 601.51
976.235 -1077.65
1330.76 57.7876
1121.49 639.353
796.698 1410.91
-1559.64 550.03
1108.44 -994.431
288.665 -546.149
254.182 136.423
236.054 596.513
258.077 -174.879
1073.5 -873.652
263.164 1326.14
560.592 1128.59
-607.495 330.543
429.518 -1298.4
221.069 1405.75
-1461.57 -271.134
536.209 219.552
582.818 -814.335
1154.64 -1116.07
-563.954 -648.76
-1128.82 891.866
1227.73 992.851
458.878 1638.16
1311.66 -712.712
1441.85 459.81
-92.0194 1359.15
-1178.22 444.658
1553.1 168.874
-1.28204 19.6588
551.764 -863.264
1276 624.72
-1039.33 505.157
596.042 -1097.69
-366.306 -543.375
-1032.58 618.964
979.263 1187.89
722.807 83.6732
-159.814 -760.137
1488.7 211.815
-47.4254 657.382
-1129.63 576.606
873.519 824.709
383.813 477.474
116.558 133.827
175.483 1373.21
434.212 -160.225
-65.4016 -573.322
155.296 -10.081
927.306 -86.8583
6.88203 411.755
602.179 1485.49
775.275 950.614
-1121.99 -890.412
677.844 1349.43
437.168 -1052.1
-1141.97 139.749
-873.238 63.0187
-1317.23 -314.96
-1449.04 626.691
-751.418 175.866
-478.789 -1008.68
935.329 1070.53
-291.627 1073.39
404.039 326.811
1537.78 -609.961
1511.22 307.08
-57.3136 -1084.07
-498.643 -1346.88
119.229 -1118.48
41.2173 -339.295
-672.313 1372.09
-1592.72 -319.301
1057.11 934.651
-1293.13 332.863
163.296 -707.655
422.361 389.847
-278.212 479.237
1381.25 -549.218
-609.778 806.263
-487.488 1629.84
-412.493 -696.434
347.87 1325.18
973.973 435.863
-1332.55 456.76
-605.663 -1317.36
992.97 -1222.92
-216.653 -1052.92
-1087.56 153.798
-219.773 -930.077
249.877 378.395
-164.002 -840.64
-1172.66 1219.16
257.183 717.749
-1191.06 687.256
-809.513 435.16
1189.1 -666.02
-903.04 813.459
1626.85 335.356
1420.18 309.869
371.479 -702.121
-56.9955 -504.056
-1233.79 678.246
-1489.37 295.583
-26.1051 -9.65406
-399.534 -383.181
825.143 1020.38
377.681 -1156.4
576.235 1442.11
-603.586 -1285.79
-322.14 -1049.94
1322.14 418.486
-1370.43 706.405
-255.513 -1614.83
-1220.69 708.256
-10.2839 -1214.94
711.205 -70.616
710.941 -836.112
726.125 211.953
-1570.52 231.446
1479.66 -458.489
952.935 693.61
832.159 -928.681
-353.725 239.294
-171.432 526.474
371.785 1396.06
-616.847 -738.185
840.973 -312.619
-644.437 381.801
-756.628 554.322
274.094 -1255.3
165.527 650.045
1325.86 426.19
588.729 58.7665
-1349.36 -907.692
-223.951 775.255
-1574.95 -246.725
897.817 -747.981
137.277 1586.58
1351.25 -785.623
-254.204 -742.532
855.004 775.47
-912.952 1449.32
52.3266 -1491.52
-432.284 -522.906
18.2095 1067.48
-153.985 -103.007
-120.781 1204.86
841.706 -518.673
-1327.65 -686.23
-638.525 925.879
676.438 788.139
-464.21 -1240.69
1330.24 -834.921
542.062 -710.437
916.042 140.836
1101.44 -188.922
-480.095 -189.631
-463.106 75.2438
803.758 -270.299
-1581.31 -470.739
-302.684 809.506
-666.707 -724.143
-1089.42 -890.678
748.923 -1544.76
1349.1 -460.55
-895.368 -1177.59
109.55 -502.419
-250.548 669.51
1385.01 -260.894
329.971 -1384.89
-943.455 -192.048
-741.51 -925.115
301.824 -796.72
-386.867 1432.31
-580.926 835.823
-450.582 -374.533
-1.8562 -105.328
1115.45 978.151
658.79 -1074.45
-1080.36 -282.827
257.071 709.113
-841.726 -0.962819
-1582.47 556.617
510.369 247.642
798.937 -1479.67
668.344 138.126
575.566 564.742
-38.4706 1246.2
-199.699 -1392.41
618.446 507.354
-1190.34 722.093
1306.02 669.555
-271.441 -285.31
844.904 -1056.89
-543.134 -105.931
-622.89 678.55
-1016.24 648.077
845.052 110.807
971.381 675.144
-1298.02 -783.149
-1185.56 505.629
-900.228 1130.46
-313.375 -1291.27
-747.385 168.988
1654.78 -467.039
797.642 1322.5
976.145 73.8127
-849.138 1387.74
1013.21 231.124
1646.4 -189.198
69.9566 -1294.72
73.0177 1241.17
174.488 1428.26
-806.102 -361.447
263.953 1093.52
531.809 834.628
-1582.1 -320.293
-450.981 1118.92
-1383.64 -171.436
369.733 -329.482
-62.6651 -1085.65
490.151 1234.76
-26.3064 -106.447
833.88 1203.67
1348.44 -103.985
-1411.48 755.783
-805.849 1202.6
-61.819 12.5748
385.812 1123.6
1108.92 291.68
601.391 -113.676
-930.735 -1057.1
499.07 -671.956
-219.145 1088.92
363.36 892.702
123.592 -368.5
-593.616 -256.083
-816.396 -168.844
-427.419 323.071
164.502 301.376
-26.1307 1616.26
-812.428 -676.896
-595.956 -592.421
1606.96 -215.69
1134.59 633.908
-277.912 -483.115
640.144 758.676
-783.368 59.7582
-823.725 -907.107
412.094 -1036.51
-774.038 -1380.56
201.681 1220.84
-747.264 1173.03
212.157 -814.923
925.68 -1031.38
498.096 -798.077
1175.63 -1217.79
781.344 520.497
394.618 747.632
-1106.85 1123.93
738.209 848.798
-218.999 199.612
-10.4124 -694.53
-19.4327 -113.333
156.325 159.61
-437.751 1348.13
-1228.72 146.978
1551.17 613.278
402.121 -4.94446
396.889 277.475
678.337 -587.259
-669.336 -383.016
-1124.17 -1139.88
-446.702 -1573.56
178.363 1134.96
191.435 1005.29
769.537 -1504.92
1520.5 693.052
-129.203 1397.87
-508.719 -1644
1113.07 -258.266
-677.53 -486.393
-1593.85 -112.516
825.038 1032.4
-10.0196 -1329.51
1257.76 431.108
926.067 371.153
-190.368 -1703.26
156.971 770.295
770.787 -1288.63
691.146 163.206
-952.979 -584.557
607.045 -54.2233
-1499.49 -648.866
296.684 775.892
-162.007 533.628
-960.458 1336.48
78.5574 -435.756
-190.149 725.777
795.552 -1472.3
660.916 -657.036
-889.876 1137.47
-145.781 -749.435
998.921 838.956
1542.22 -456.409
-766.691 783.189
-1180.09 -137.504
1683.78 -75.761
57.111 1582.01
199.033 511.477
138.164 -405.273
-461.099 -1458.91
-934.835 414.359
635.799 1236.47
916.708 -258.995
-385.323 1663.78
-1578.25 -142.22
712.242 -288.55
-521.605 737.577
-1669.13 -205.797
-404.064 -1172.93
728.075 -869.788
1034.53 451.389
583.226 -622.091
340.086 877.829
625.149 1318.75
255.472 -669.006
6.99913 -177.525
-905.693 -1430.98
-489.687 -1051.44
465.026 -1079.07
-194.117 -1601.54
-978.652 -451.155
13.0073 1554.96
812.456 -289.035
-464.3 1460.19
-657.982 880.182
1486.76 -132.402
257.976 -223.339
195.006 -137.671
-1341.11 819.355
1459.96 -80.1481
-187.382 51.0377
-981.676 719.687
503.082 726.104
910.962 1320.07
-347.518 -712.952
1054.6 -641.248
77.8389 242.364
730.583 -1268.5
245.57 418.225
1409.43 -784.569
1043.65 -165.541
1215.73 -894.526
-408.501 666.149
-843.494 440.703
189.871 -594.642
967.278 251.099
1632.44 151.98
454.303 674.72
159.767 -626.879
-384.683 681.834
869.641 -1334.39
-1391.41 842.894
345.587 1573.4
-1200.5 -902.406
1492.26 220.201
619.237 1476.48
150.081 347.013
-575.926 -264.823
1238.32 215.303
642.09 -168.173
-493.412 357.853
209.912 -789.115
822.912 1191.81
-1650.27 -240.576
-340.506 -1336.31
540.084 -902.748
-1605.03 -140.258
636.337 9.49427
-239.64 -712.834
-1080.23 987.179
791.491 -459.519
-1139.53 1040.91
-1422.85 -936.969
-1536.79 472.073
-1161.3 -940.762
-294.651 -371.54
-1433.61 535.841
-446.366 -1076.05
-1452.98 188.27
-804.465 -260.957
1058.76 -697.828
-450.609 -164.369
81.1712 1593.36
-1654.74 306.652
854.501 -435.811
26.1304 -588.652
-891.03 -80.2102
-680.674 698.54
-27.9471 -710.481
1217.93 -1093.5
1705.12 -236.618
-918.21 -917.648
835.457 1239.39
1390.8 -115.429
-949.064 -642.44
1107.14 912.705
-1419.36 289.209
-1540.39 -659.581
-571.793 -877.945
-640.661 499.782
202.952 -1347.46
-387.539 -777.227
-988.376 126.592
987.298 851.337
1189.94 243.597
-447.014 -1531.22
1033.5 732.648
1105.64 431.771
-338.019 1521.03
-121.965 894.942
-492.403 772.234
610.922 628.751
-1251.25 796.391
371.161 -1126.46
615.901 239.361
-440.351 543.831
891.508 824.176
-118.466 1367.05
542.484 -1372.74
758.833 826.602
-566.139 -956.246
-1389.96 655.842
-880.427 1387.46
-789.661 605.929
415.863 726.045
418.892 313.416
515.323 1260.08
1634.74 243.33
291.89 -1341.67
722.211 1145.21
855.93 -113.167
-20.065 918.283
1044.15 -1224.9
-770.293 -1015.5
-208.916 -609.553
375.17 -843.545
-690.33 1050.61
335.824 1434.07
-503.183 -942.726
-562.361 -1294.98
230.26 854.616
1145.65 53.6776
-888.334 -1401.44
392.028 305.671
-973.418 -424.816
167.836 -628.496
14.6538 -1670.21
607.582 -1432.98
141.402 -656.917
865.032 -529.676
-55.067 355.567
465.327 -1211.91
-1081.37 20.8773
-430.186 -708.957
564.198 701.763
82.4396 486.521
-239.379 1092.13
135.562 -821.579
567.196 -878.756
-1372.56 -536.126
705.795 -836.334
-1443.34 -231.216
-1489.73 -528.326
-320.162 188.62
149.941 -184.316
-1288.35 1040.21
1121.97 1208.55
-604.674 -1515.74
-1035.67 1230.24
1295.35 748.115
848.516 146.905
715.743 -676.517
-65.1907 -1094.01
-794.779 -778.224
-1019.23 471.075
-479.725 -558.183
-241.788 -1608.01
-1632.34 -196.857
-675.226 -734.133
-108.266 440.916
-1170.74 814.426
1381.91 -98.7579
-868.768 -1151.7
1034.53 -1028.49
-1308.75 1090.18
-1278.63 -747.991
139.113 -1366.34
1236.33 934.822
713.218 -366.162
-485.692 1000.93
663.344 1458.03
-1104.25 522.117
-215.817 1537.41
-273.128 -1330.56
466.73 -528.105
922.83 -1385.86
471.815 -533.779
907.55 431.322
-174.305 -828.736
1270.78 778.052
1495.28 124.982
848.569 -381.211
1359.8 523.587
-89.1438 -1468.63
-1112.41 1001.49
1626.67 567.851
-1173.51 783.927
872.365 -605.62
623.875 -1047.52
78.5496 1213.06
-1379.07 -933.909
431.926 485.017
-1391.72 -247.786
55.4428 -1675.43
1006.35 -450.243
-1508.45 286.72
779.411 -751.091
-864.546 1433.59
-751.459 1433.1
-1164.08 -218.88
1531.97 -99.2134
75.9769 259.745
-1079.59 502.244
-718.155 181.655
391.868 1441.58
-1303.71 -102.575
531.036 1589.1
-633.795 654.187
-287.621 162.704
1470.94 -52.8465
1204.07 -746.509
279.724 1666.84
1439.87 85.6314
-764.232 1536.62
1132.46 -898.409
-401.483 1325.69
529.234 1349.76
1296.64 630.562
-1428.05 745.938
-1308.74 -835.803
-803.67 -953.777
242.618 -883.766
270.103 -1237.02
1235.24 -581.01
1397.06 345.29
-1176.85 610.478
-299.791 -324.498
529.627 765.048
248.937 -794.77
-1704.78 249.253
-1268.02 690.516
-768.486 -1212.18
167.354 -693.739
-272.772 -871.75
-154.239 1560.26
-576.013 -1518.94
-81.6189 1595.85
-193.373 522.62
866.93 914.245
1286.19 -306.647
348.416 -1028.67
676.336 -212.089
-553.885 611.701
1497.64 -358.293
-314.285 -110.43
1094.4 122.361
42.1871 -1382.14
1055.49 626.261
250.473 -1129.23
592.717 182.052
-1477.63 847.98
904.943 279.693
363.124 -718.313
-931.919 -439.276
-337.731 -1388.72
-739.404 -131.772
-885.946 795.927
-1408.18 123.906
-142.93 -1465.89
-697.981 -507.644
593.623 250.79
1256.97 188.611
3.85406 -1591.67
1342.94 -319.044
1640 -422.404
1040.23 454.364
60.9768 103.199
652.774 834.133
828.63 1241.3
-1574.47 657.139
-427.809 -33.8234
608.049 353.332
1404.86 -456.776
1329.87 -635.236
997.799 -225.276
-1048.39 -1108.04
4.2009 1198.28
-1642.69 -359.531
594.546 425.157
826.697 221.405
517.577 -672.135
1087.39 -372.414
-1196.27 1068.96
-46.1483 600.186
-261.484 -296.331
1438.31 164.131
580.125 1591.41
395.112 -1196.96
-586.064 1074.21
-1139.12 1162.79
1630.6 373.977
82.3087 1602.15
-1156.49 456.63
-1039.31 1087.76
1365.38 -327.486
122.54 1420.47
876.808 -1302.6
-1077.82 -596.588
-1410.73 -827.989
-65.7726 -1614.79
-862.578 1248.81
-950.147 -851.632
-297.793 -950.706
1314.87 971.598
757.347 -964.53
-144.222 -1436.77
-1134.87 411.666
-1303.33 330.487
903.91 923.493
1572.95 451.098
-640.612 793.225
1528.92 -750.939
-900.009 -537.766
823.675 -241.4
-1093.02 47.9515
592.755 -1350.97
-91.4638 -1506.85
855.48 -847.159
1109.25 -846.455
828.583 1147.82
-443.472 -975.96
399.393 -1526.3
-144.924 842.85
946.399 942.386
-672.855 791.902
-1235.32 641.574
851.631 1380.32
-858.219 -1016.33
584.334 1285.4
-901.474 -341.067
1199.24 855.946
1225.64 -706.43
1299.31 -821.871
-199.06 338.744
234.935 -877.647
96.0979 27.7113
691.56 712.327
1134.19 -202.088
-1223.13 716.414
896.621 -44.2895
202.677 192.608
600.456 -250.94
1288.18 944.929
-444.947 1095.22
1087.41 538.048
1085.21 632.665
513.545 -414.448
-1004.98 -700.839
325.293 -602.675
622.089 -746.48
-1181.79 -299.819
14.8278 457.606
309.777 -535.341
-582.375 -582.662
-1250.48 -207.522
-966.059 -776.745
-515.357 -175.561
-735.207 -1261.25
-1642.46 423.973
-539.019 -1535.58
-927.27 114.987
-888.289 823.45
-923.766 -1411.6
140.943 207.47
1292.52 525.187
-1168.36 -290.083
1000.33 -634.161
-1090.57 1177.25
847.603 494.504
1357.92 406.107
-508.626 395.317
640.195 -1066.93
-1117.53 -531.361
-955.86 297.728
-1210.07 -602.142
-1051.86 -986.308
-977.674 212.651
-1422.16 853.628
-1077.84 -163.776
-147.757 1627.56
-420.262 -336.805
-1612.2 -292.879
474.992 816.871
1034.16 -60.6508
1081.03 -469.567
-1313.55 1042.46
821.122 -446.766
144.893 1647.07
-28.5945 425.452
1163.33 -745.574
-611.326 729.762
-327.368 -661.511
164.174 323.976
242.064 -1667.96
-887.106 -710.567
-16.1865 -1241.37
-801.658 582.23
-654.118 325.762
-483.256 1187.72
169.964 529.354
-708.917 1263.78
-430.551 -944.83
173.546 -1120.18
473.473 249.913
642.849 -380.255
-360.441 -1258.99
-492.161 -1004.74
-1518.91 128.511
21.2744 1696.28
405.701 1293.52
789.046 384.249
-1103.32 1252.04
779.385 677.96
1100.27 896.969
-58.6359 847.486
-280.293 1679.82
365.772 -513.426
959.942 -639.426
-997.125 -96.8374
-964.656 -1315.44
-961.594 914.083
1111.91 1124.68
-947.012 -1395.38
1295.34 709.783
-1415.93 -805.263
1319.85 218.384
-852.567 -461.025
-673.859 -1373.14
309.522 4.72526
-1606.45 -505.655
-751.396 -736.105
920.472 -273.066
-670.233 471.734
-513.38 1007.2
-927.017 939.239
540.966 200.155
1293.54 1116.72
-118.933 -1244.93
710.997 -1156.44
1038.55 -255.444
-718.017 1218.83
-321.83 820.713
650.467 -1445.61
-503.705 -29.2455
1299.98 33.0339
1043.43 -466.665
-192.137 511.036
-719.716 319.275
-29.9392 -1092
-250.226 1232.91
-91.4887 -1440.15
-837.541 -646.529
21.7504 770.776
-1075.66 -739.24
615.042 -308.964
192.981 1352.22
-1353.37 -686.64
19.381 -1423.11
1095.44 307.679
-355.645 334.003
-1382.5 -498.157
-354.185 -1376.32
476.665 1303.81
-429.222 156.928
-1566.24 -255.494
-1075.11 -746.995
871.593 -234.028
-1007.53 -59.8934
574.156 -984.812
-1426.77 545.259
-548.355 660.731
-1255.22 -644.038
-70.7992 731.25
890.649 1456.12
-876.581 -865.311
-360.578 -1375.48
587.129 291.618
1696.96 -77.0755
477.666 -320.617
-692.311 -1194.69
168.974 1126.46
859.385 -1374.24
-1203.16 -569.209
-1127.84 70.076
680.929 476.988
292.418 -311.064
378.751 -245.947
513.741 1033.75
-1448.61 112.59
-1461.9 246.575
-249.837 1355.52
-970.258 -517.059
1249.84 -1027.18
-914.164 -1320.47
790.069 736.574
1139.17 831.808
52.8048 -901.228
-1703.32 5.12417
859.721 1420.62
-1448.19 903.077
707.176 892.959
485.197 -743.289
-397.255 1541.96
-1415.33 -738.685
-638.886 -960.337
-393.527 1022.62
1603.54 -589.81
-884.45 1450.5
-993.785 1390.71
1328.6 -384.357
-547.456 -362.705
-995.318 -1336.4
157.183 1518.64
-1164.86 -431.954
197.252 324.927
1584.23 -19.2453
-930.219 524.711
-338.613 -1173.93
-1570.41 678.365
592.123 -1297.53
-803.507 1077.48
-227.235 -1280.16
-404.948 -143.677
1090.01 -961.059
62.1697 -121.635
1195.94 -325.076
-262.471 -670.525
-1203.44 994.712
-738.825 635.4
663.559 -1512.92
-505.812 490.631
383.611 979.655
-1068.72 -1075.56
251.029 -389.87
973.138 1096.38
-1393.76 -799.401
1252.44 -31.9299
113.672 -1452.57
881.414 -411.829
924.558 -197.298
-184.979 -1276.61
200.995 -573.816
-352.559 1648.8
-542.176 1347.72
-846.894 1068.48
-836.769 -1034.56
-178.122 -1291.16
933.195 1180.58
-902.572 -352.264
-955.991 -212.106
-1393.77 893.04
-26.5596 856.321
686.235 -357.375
-615.692 -897.951
132.131 332.272
1539.65 41.0526
581.909 33.8121
-583.273 146.454
-1424.09 -484.298
1593.68 262.286
928.044 -1283.85
-318.302 -14.2679
1132.58 -850.873
-1398.03 -584.107
-607.789 -1382.26
-741.898 -430.743
682.576 1387.7
-18.5958 827.727
76.7218 1625.83
591.086 -964.62
-595.173 -1126.88
-544.232 -1375.05
-1465.91 -876.802
352.727 53.8529
189.026 -1564.61
863.244 468.725
-123.413 1562.14
286.427 806.138
-316.837 1537.26
1012.92 62.4082
1058.47 1231.19
-1202.7 -1153.26
13.3853 -1000.38
-1633.39 288.751
-660.131 71.7528
-1390.91 -908.998
1310.31 1105.46
855.743 513.9
-1681.61 204.289
-83.5922 981.736
-1172.92 213.122
-425.201 801.224
-1450.35 660.349
1565.94 227.91
-111.521 -1045.73
-1358.43 136.666
-574.312 302.829
-853.757 -581.074
260.269 -98.1305
-422.951 -652.413
1692.55 100.282
724.072 1352.61
-1184.34 -155.611
1214.97 1155.85
-586.864 490.799
-91.2117 -767.986
1234.03 1002.48
-324.519 363.742
-1075.71 162.214
919.947 -614.057
-308.737 -837.456
-351.303 804.703
687.712 -1259.24
-171.548 -635.284
995.323 1371.61
-913.786 435.009
1160.75 -481.611
-1031.78 263.583
-1387.18 -135.096
552.399 596.453
1009.12 122.299
1008.5 -718.131
417.227 7.30496
861.108 504.724
833.653 1182.31
748.56 -554.3
739.083 678.968
-660.264 892.636
-629.444 387.413
699.354 -1065.93
27.3007 1282.43
18.5999 1616.33
-1429.59 130.195
-104.681 89.9957
-1623.82 -453.617
1166.71 -603.325
-872.837 130.594
1073.93 59.9622
-159.679 501.949
77.702 1440
172.065 -1085.93
-938.231 -126.633
-791.468 -133.263
50.5335 -165.507
757.236 -840.164
574.93 -679.669
-927.446 789.822
234.698 -170.475
292.891 -729.889
1520.13 -420.227
744.55 -1355.77
-73.0037 -664.642
150.935 58.5286
586.829 924.661
573.62 -1191.12
-809.651 724.143
1269.21 1144.8
-535.422 1394.63
876.127 -1202.29
1012.97 -827.889
-528.767 339.607
-1141.11 -127.888
-119.013 -1713.12
-311.432 1326.23
-214.836 1421.83
1323.76 90.5424
80.9046 36.237
509.232 -627.988
930.085 1374.68
900.174 890.795
600.756 -1211.18
992.572 1222.53
-517.438 581.152
1035.43 904.841
922.06 293.48
109.255 137.11
310.729 -67.6158
-1603.32 451.34
176.679 -1318.11
375.707 -307.808
-542.405 1590.7
-746.396 369.939
325.636 921.388
533.367 31.1777
219.409 -989.331
-46.1503 -1233.6
285.348 -779.433
62.3505 1144.46
1044.5 -1080.16
749.898 -312.455
-886.151 -846.525
59.0533 -605.551
-1029.82 -1018.02
-645.15 104.41
-688.284 -128.922
-659.588 1302.86
288.059 1120.04
-3.30829 -960.284
-532.325 -374.103
-829.406 -783.045
784.12 668.998
826.105 397.665
839.839 -1479.17
-680.864 -1327.24
-1325.87 -4.24765
229.39 1612.52
1207.41 567.188
-894.857 274.745
567.107 246.104
-82.8903 -29.4346
1594.3 -275.737
-924.019 468.555
1166.4 -68.8753
402.281 -335.844
-282.199 870.611
1006.61 -409.492
-790.192 201.583
724.829 -278.33
-903.36 5.36882
67.3415 -882.526
602.225 1168.09
-504.636 617.48
946.377 -1179.44
-104.46 -538.409
229.351 -1043.91
151.834 -39.9781
-848.184 75.9481
-937.861 289.775
189.506 648.422
1541.43 21.4694
45.7784 -1391.2
1644.91 177.923
228.095 1073.26
-195.237 799.384
-876.953 -6.37562
-1433.08 376.56
1664.42 263.319
234.282 -1311.34
-528.541 -1545.27
432.85 -1044.72
-616.355 -539.286
-38.4871 -52.6156
740.274 1055.06
-691.1 -1427.69
-953.619 553.3
1062.29 424.988
-1034.96 -1068.41
-1118.63 689.53
-1479.39 455.095
-603.736 344.711
-174.742 1525.34
-182.453 234.839
414.39 -548.819
134.601 -1415.65
-1108.27 -361.029
192.821 787.056
1156.98 -213.832
407.547 1163.39
588.781 194.727
1028.5 73.3646
-733.738 -53.8316
-17.0752 -897.62
-1086.37 33.8386
-900.641 853.61
-391.099 364.477
-307.509 296.19
-1319.11 -668.197
-835.507 532.543
302.576 -715.973
484.724 -343.615
335.825 1271.38
441.617 -707.205
302.438 201.269
1201.41 127.42
-764.26 -809.474
1167.33 60.3895
-66.5574 1423.84
-145.821 376.337
604.444 1185.3
-544.896 -1462.74
-520.014 -44.0258
-1717.55 -114.092
896.231 -1345.24
1646.76 -479.963
1364.65 -690.807
21.5158 1170.96
-485.918 -1393.87
514.94 -1173.44
-1458.02 819.223
-787.041 -540.991
1507.03 -532.319
-715.687 833.6
853.662 1365.59
219.607 -880.367
1713.89 -174.999
-398.504 1027.6
193.489 1384.26
937.261 203.761
-272.8 156.979
473.524 -644.514
-1202.24 1116.3
1197.3 -286.567
-970.499 78.0018
129.782 978.329
563.774 256.894
-657.275 -1148.86
1529.39 730.896
-1341.77 -154.693
-537.677 826.971
-77.1331 -1014.63
186.469 1467.78
1573.02 -422.797
197.66 852.561
-133.836 -1287.13
-444.976 1414.81
1387.76 568.356
-659.039 1575.7
-114.535 298.701
-697.032 402.215
-167.3 637.102
-246.463 -1451.79
-433.066 -321.25
582.081 649.423
17.1694 -486.426
-534.332 403.555
-177.058 1287.01
-1054.61 666.65
374.394 -48.7486
-1422.98 264.718
-446.218 -1111.65
-1303.62 -629.862
629.417 1354.12
1249.65 1152.4
-843.14 1437.55
950.103 -1086.72
-433.212 -1523.68
-786.269 -436.001
1473.4 543.657
-1391.63 -148.115
436.009 -206.033
353.576 -155.017
1402.28 118.18
-1173.62 647.511
-853.291 1428.63
1368.05 -22.768
-810.779 470.129
1333.94 865.263
858.563 1227.89
-415.602 -1199.81
-812.164 929.046
-962.386 -819.293
291.833 -1589.17
-1084.14 -404.589
-682.343 543.489
824.461 -633.549
-101.551 405.624
-1210.46 -1207.27
-1289.83 -274.304
275.455 -1482.19
323.104 350.71
-821.655 -775.083
835.382 653.502
1509.06 -546.92
837.791 -397.893
144.012 -813.28
877.95 1057.06
-482.852 735.685
350.993 914.432
-352.111 324.174
-1199.25 -543.195
833.418 779.071
1417.26 835.97
1547.64 516.463
-744.529 -956.406
-301.013 -1288.31
354.319 -836.34
-560.58 1398.78
23.0577 544.783
161.855 -1591.86
1207.17 -12.7983
1479.06 168.691
-674.555 -1324.33
1515.14 220.756
779.556 1332.26
-787.195 1319.39
-580.932 -1036.35
1221.91 413.81
946.135 -1232.53
846.217 -1275.06
-579.853 -1051.45
-273.031 -98.8237
1325.23 -867.547
-335.215 -743.507
-1164.82 -644.778
1144.36 -1247.51
-1357.27 -741.811
1339.15 -584.831
-585.542 1191.55
1146.57 515.269
1024.18 679.851
784.621 59.7564
-57.0653 -1471.77
1520.53 -589.833
51.6936 1415.65
355.36 -1137.82
-797.179 851.381
-807.018 1195.76
-1589.41 -98.0247
-339.846 -1638.32
-362.51 -703.846
1559.01 -296.737
-1557.94 518.995
580.655 1132.01
29.6551 56.2368
211.196 1330.68
-56.6067 -59.3845
-870.046 1387.45
80.2661 -1109.01
237.143 1444
-625.254 639.013
754.813 -567.323
318.747 -1399.36
89.4879 1307.28
-730.207 -1488.63
-822.327 745.306
261.022 -139.661
-123.044 -591.951
-305.252 -749.264
1395.62 -660.265
-1141.41 -634.649
-1381.58 -357.999
66.9436 1638.67
1005.41 -92.1454
830.813 -1349.08
862.102 -37.0786
523.844 -202.311
1353.21 -291.691
1148.05 -802.944
735.279 1243.85
-1299.13 -624.919
-260.958 330.945
1152.95 1145.15
-964.059 -1077.86
494.967 -191.962
-1034.3 -273.965
258.564 442.749
-324.13 -685.879
1299.61 -29.1721
577.418 1287.68
-1071 1082.01
1156.45 -758.821
-577.066 55.5228
1333.58 -100.423
190.518 -623.131
377.494 861.48
-751.925 -1121.01
-357.744 1394.7
739.5 -1280.56
-108.987 -541.458
699.839 360.691
-198.528 1388.02
-1596.13 581.244
-850.546 241.684
1623.33 217.323
271.423 -1338.25
-1387.92 121.12
971.968 -322.353
-435.811 1490.59
-595.889 1466.86
-652.481 614.516
1293 -322.455
1328.18 -764.713
767.231 -584.154
-965.807 776.659
1061.57 -836.536
-297.091 832.888
35.8916 -342.609
1199.85 1033.42
-845.333 1116.12
1573.42 358.684
-1092.44 -248.59
387.63 519.668
371.383 -1598.16
-1073.58 -161.363
-1009.86 780.137
-346.078 -1549.17
712.247 -1506.69
-42.2136 276.966
1616.63 -386.16
1472.48 73.6119
-440.647 577.073
877.743 -268.899
-1390.96 -986.922
-346.569 -850.561
1219.8 -175.225
-283.747 -1148.19
-727.272 767.457
241.292 -1133.9
-85.552 668.631
1174.46 147.23
1283.4 602.055
-781.862 -731.34
999.509 557.538
-831.015 -1394.79
915.103 -281.854
-1320.16 -739.271
-57.6758 -1210.03
-1493.18 -244.207
1243.41 -980.338
832.381 1105.93
-214.417 -947.305
-99.0706 -882.939
1072.19 -621.02
-1189.87 286.237
1232.55 -351.793
-1160.25 105.893
251.797 671.415
-467.143 15.334
-915.999 -757.073
642.469 -739.169
-329.573 -231.4
577.523 851.345
-1154.92 -25.7934
156.659 165.827
606.156 879.026
-0.048774 1151.98
-1492.19 -707.093
-680.866 -1402.06
-976.969 -998.872
334.898 503.853
488.909 1220.13
231.085 -808.302
287.473 1295.12
1012.1 -1011.04
-125.835 1638.89
1515.81 -553.015
-385.119 1160.71
224.784 -1099.63
1670.81 177.725
-933.584 1134.12
392.219 -1398.91
175.05 122.875
-476.709 235.139
837.582 -607.924
510.983 1308.6
-133.829 1486.07
517.698 1552.46
1296.71 1062.5
1547.3 -504.559
1674.18 -208.251
583.833 -1028.86
346.202 1566.44
-470.991 -412.12
-746.836 -56.9502
-561.282 -753.885
-261.695 -742.888
1374 639.968
-45.1435 -152.443
1531.85 398.3
518.34 -821.368
161.719 -813.69
516.174 -637.192
-278.687 476.33
-419.756 -1658.37
-1319.12 180.717
399.215 404.783
-220.393 1489.56
557.247 561.88
-61.7581 -1667.4
-439.964 849.207
-654.379 731.863
149.63 1114.5
14.2993 -628.072
-581.038 -1269.75
-1293.19 998.144
1660.12 404.735
1165.75 607.172
-1230.18 -1191.95
1290.06 474.284
-41.6369 173.954
-197.464 148.79
-192.012 1546.52
1708.4 -41.7406
46.6641 -1451.56
1424.34 124.805
-1171.44 -728.839
-1297.41 -961.565
552.13 861.798
-558.189 -701.384
322.599 1151.42
320.449 1261.25
1121.48 312.782
578.916 748.846
355.973 112.88
-452.328 -976.628
705.321 368.14
101.184 -467.17
90.5557 -759.003
210.628 231.204
788.991 1129
-343.219 -923.307
-1060.77 -571.311
-532.895 -1129.21
-1557.99 -726.602
-872.113 -959.381
757.286 1002.24
1157.68 85.8279
-491.487 1218.74
199.045 -1405.78
-382.894 1394.11
-1082.43 -205.914
-1088.91 -648.557
-302.609 -314.836
1261.56 294.669
1281.15 1127.71
-1354.76 -511.258
79.7892 -1658.04
983.207 -292.991
1402.78 23.8364
990.501 863.761
-118.05 -403.832
-573.886 -520.452
90.728 -105.178
1001.77 -546.71
-280.359 -1478.27
-386.86 -496.241
1186.54 739.785
-447.659 -346.253
7.71337 1269.04
-1239.71 1076.52
-1295.25 -907.919
897.237 760.013
-479.417 202.874
-1066.79 761.667
-598.4 -1515.2
1584.1 596.468
1132.35 46.2576
-749.804 -36.4749
1187.46 622.331
-657.017 -894.135
1126.85 1062.5
-902.956 -871.387
1020.68 -1244.86
1292.49 663.688
1477.16 -648.978
-1364.21 159.85
-600.357 127.078
1123.5 -177.185
-1486.33 -244.937
-1139.45 330.354
-1277.8 477.125
-1043.2 625.745
335.076 -1627.2
-1267.37 1035.2
137.133 966.235
-741.917 1293.29
-1049.11 63.3863
523.927 -1027.69
1024.91 210.583
-976.989 1413.89
997.288 411.565
1233.33 -971.542
1146.49 88.2015
-669.557 1426.1
509.918 514.892
411.144 847.215
-14.4929 1483.24
388.064 -493.027
-1122.73 -322.75
178.877 -1323.45
1054.29 -1052
520.219 996.051
926.767 -619.94
-91.4746 -269.961
1295.19 -296.409
1035.29 -90.6993
1463.95 730.359
-412.006 1661.68
-592.892 416.657
-1323.78 -447.656
168.549 1550.69
-1076.7 -948.425
-644.147 893.723
693.607 -1556.17
215.203 378.912
-488.322 1586.55
96.9541 -541.809
-1155.72 -917.621
-1302.38 -542.649
73.0291 791.756
638.066 1555.42
-261.246 908.998
-943.446 -980.829
-1037.12 785.872
-982.92 394.063
-476.963 1152.5
-1115.87 -557.351
-464.912 1333.67
185.43 157.752
234.111 -993.024
-65.3813 284.272
720.976 -118.132
287.161 1592.2
151.156 -1214.6
80.7327 285.997
-301.49 197.25
530.368 -1344.43
870.11 624.37
-1119.96 -936.066
-109.655 -325.775
-413.718 791.195
-1215.84 -578.329
402.138 -557.887
118.171 -814.828
-260.133 -1363.5
1155.57 811.481
1487.36 -374.045
-153.154 81.268
-700.061 537.726
-463.262 1627.31
74.8031 37.1971
-102.266 14.9296
-410.538 56.0162
-901.36 -446.775
-162.275 511.513
1005.47 336.426
782.621 1087.52
657.253 -392.753
-1641.37 -287.233
-971.919 -1143.56
1263.73 113.096
-1259.1 51.1579
-615.456 -736.287
-202.129 -483.404
224.505 -87.8548
165.043 761.927
1245.89 929.936
-180.354 -585.872
624.566 716.868
1389.84 888.621
1322.08 -621.452
26.4002 -1368.49
-1207.85 724.024
-28.137 1675.34
-110.827 -1108.51
163.572 1664.06
-1356.55 842.254
-72.1568 1062.9
484.577 87.1263
-167.919 -1198.9
1304.57 -27.2745
-440.087 -1022.03
-925.457 604.052
-991.149 571.993
-450.699 -744.885
517.221 -1352.85
-748.219 -832.765
364.31 -294.415
443.052 630.015
-878.379 -497.643
-48.3484 1533.36
1188.25 1177.25
-121.195 740.253
605.994 477.609
-1220.48 866.149
792.76 1238.2
925.198 1008.17
-879.659 155.495
522.697 1260.92
991.612 273.33
-1483.53 457.245
-14.4374 -852.692
622.549 -459.621
-975.782 -946.153
384.087 -1161.73
-733.429 582.017
-689.45 -285.378
741.49 1506.53
-872.158 -572.861
867.59 -821.29
-464.18 -632.119
100.286 126.064
323.393 -758.059
373.201 1270.36
-1481.28 465.824
123.155 -1511.04
1166.58 -338.34
-1441.11 -651.382
-538.868 -1622.03
-1047.6 1360.88
-604.858 -298.705
345.311 1365.84
-931.172 -1421.66
-1135.6 -587.345
91.4145 121.347
498.01 -101.087
616.996 -926.088
-936.004 -935.568
1489.12 735.744
1048.91 74.8514
-203.272 -464.183
-483.479 1470.69
1356.44 -67.28
-1248.96 379.086
983.705 522.33
585.723 -1539.75
1382.89 794.865
1015.56 -1325.92
575.917 1199.78
1061.3 -62.9349
-255.164 -1627.22
-462.569 -1168.34
566.171 144.648
-163.83 -322.376
325.119 838.243
1254.53 -862.059
229.905 -820.509
-887.411 288.17
-630.496 -365.594
85.7686 -1458.8
-159.201 605.433
-148.024 -442.002
297.88 -1197.17
363.12 708.146
-830.3 326.149
-1164.8 261.398
-1033.25 854.921
-1023.68 -1240.79
1377.15 415.89
447.03 -1056.76
-45.834 -635.241
1548.3 725.994
74.6547 1420.33
-522.913 853.229
1212.21 1174.65
733.181 1207.66
-426.482 -1303
592.316 -1462.72
-943.862 -336.315
324.972 -824.683
1152 168.827
-111.269 1063.37
1338.3 255.103
-1140.87 750.68
42.1744 49.701
482.353 897.243
-1282.62 360.078
-361.365 -1255.15
850.643 -775.697
404.546 -1020.49
-74.4824 -1202.16
642.787 78.3519
-1276.46 203.98
-1540.05 -637.212
-654.234 -714.552
-890.149 -250.577
786.899 1192.66
605.694 -47.2835
-364.245 1136.72
921.442 41.9774
-780.445 -1143.76
1349.98 -686.515
-1698.82 -157.291
867.762 -251.857
-123.928 1151.69
-530.865 -147.168
1392.94 693.311
-5.26172 -266.23
487.574 -451.067
1050.53 -242.128
-1664.41 -276.684
287.634 695.915
-29.4773 -529.01
-873.534 1263.25
-1045.78 232.215
1396.71 895.724
-44.166 -1177.21
271.246 560.993
1462.88 -372.094
67.8071 -322.575
972.715 642.761
275.839 -703.232
772.495 -1093.78
-440.369 -200.164
921.486 206.15
-280.513 243.817
-235.648 -1245.4
-406.684 1274.18
898.116 -566.645
1426.79 773.933
-704.687 -309.855
228.849 528.255
1086.2 1325.97
-465.737 1489.37
-755.741 643.343
-1065.82 369.639
65.4568 1684.47
-1507.98 -317.744
1486.87 33.112
1261.51 1053.59
-776.495 895.575
-95.3231 1704.87
421.142 -581.324
-467.42 686.248
-54.7363 -815.87
-1036.32 -13.6669
-1522.12 509.48
1520.59 -798.465
388.142 -454.479
-398.037 266.431
214.065 1479.22
221.106 -1656.71
31.4145 183.778
-242.688 1563.54
54.9519 1644.45
-1123.72 454.759
-293.866 1675.52
-1199.71 1212.19
313.873 485.168
-747.757 -1231.3
448.211 -788.239
696.266 587.251
72.8675 1395.29
-43.8353 -328.717
-478.337 1064.48
-1621.61 88.097
132.058 1167.3
326.294 -1665.7
-270.115 -426.58
-1011.01 -811.466
-1352.14 354.836
-626.257 -587.908
-1492.39 -26.606
442.033 1609.11
-313.353 91.5919
1524.69 -146.347
-540.77 -1217.35
-577.912 -1055.11
-1042.31 736.824
784.872 -1500.66
-176.96 -554.296
1510.84 490.297
1347.42 809.03
-530.828 -465.815
-42.3891 -57.548
-217.092 -738.032
-1139.05 891.418
1189.28 917.838
-499.858 -1376.42
1014.5 -1149.3
292.745 1574.53
-1217.46 418.663
83.8182 -689.027
-1626.17 -53.3338
118.388 652.473
-1538.71 -386.601
-1027.92 5.76041
-258.79 -817.612
1270.41 -36.4423
514.145 -1409.63
-368.742 227.681
-670.747 1573.32
-222.951 -1294.43
964.186 467.511
361.475 485.583
-236.132 -732.399
-701.452 -1127.7
-245.865 173.784
219.749 1706.41
501.297 1247.21
-1356.61 -559.687
722.11 570.631
-510.932 575.007
1121.31 900.769
-753.924 1146.16
1131.66 -535.096
64.3536 703.607
-1277.62 277.751
63.9424 462.353
939.674 -610.476
427.138 -21.5321
776.867 -892.963
-1233.96 394.279
-1116.21 1194.4
-349.236 -511.258
36.56 -532.411
-404.761 -1091.99
-832.057 -221.926
-956.404 854.71
-275.314 -393.133
108.874 -409.472
-1080.47 86.8336
-452.358 -312.12
-675.127 -851.373
-12.0072 546.141
-933.519 -1204.86
1466.98 643.88
-769.409 1448.33
459.388 1399.63
-249.118 658.922
-812.78 -276.335
751.845 -752.704
-487.341 1599.88
592.892 1378.5
-288.765 -86.2745
-462.077 326.017
-825.024 710.057
-471.926 -1068.45
1417.87 -709.153
-1428.7 808.889
212.538 590.562
-629.854 -493.557
-584.495 432.243
-398.66 1577.79
338.841 -1576.62
1098.77 -1159.85
-1062.34 -945.136
588.35 -803.811
-1364.55 -99.2144
1615.28 310.741
-400.011 -1667.56
-1440.12 -834.884
1230.93 688.436
-514.73 -1293.87
665.972 1497.78
1302.12 -85.6587
-1057.54 -954.23
-1163.62 715.12
431.507 28.984
921.269 -1351.57
-498.029 -1617.64
377.474 -1414.78
-1459.94 -481.267
-1159.33 1043.2
-1619.22 141.491
1507.83 307.775
-177.754 -726.212
1346.41 218.218
1450.65 159.173
-185.501 556.303
1468.12 109.757
-1072.89 -1267.89
-844.142 -231.528
657.882 719.747
1706.69 232.417
-314.19 -1417.93
-1229.25 312.411
767.986 -64.6574
-109.507 114.944
377.539 -1005.13
-1397.11 -825.058
124.808 1544.75
1256.62 22.8838
-695.081 725.275
1345.15 567.412
-1460.05 -555.695
257.699 716.11
1074.04 1230.33
-269.474 -244.279
504.625 -1579.72
57.1922 303.264
-819.342 733.902
-14.181 -458.562
554.348 -429.012
93.8594 960.192
22.3216 -1000.55
-1368.49 309.322
-1027.62 -1094.67
383.622 -1652.75
-708.921 -592.066
-25.9948 371.581
-926.813 -155.091
308.521 -1203.57
892.389 -766.449
720.369 -231.332
-1174.58 611.385
30.9788 469.581
-1176.28 -178.746
-463.802 -1269.69
1547.45 -755.754
904.797 -905.035
422.854 1338.94
295.536 -1001.66
-1671.26 124.397
834.073 -180.989
-565.243 131.397
273.817 -510.468
-982.507 546.496
-1007.93 654.718
389.452 941.492
-643.454 454.225
645.757 -740.887
-1339.32 940.147
666.415 971.399
-535.675 1614.57
190.177 1287.84
1484.25 776.685
135.192 1311.43
-1656.04 280.902
1608.82 -61.0391
-97.3508 15.8421
910.93 92.0429
-1222.53 -429.044
130.621 690.505
-1251.83 -574.919
806.112 -502.705
308.702 1684.61
1141.11 -176.422
1009.26 -359.101
-1486.11 -647.603
520.53 121.699
226.11 -1383.11
-14.4761 -1719.07
-527.127 477.9
248.032 34.2637
-440.229 -250.907
426.167 -286.279
690.378 -475.5
-367.315 1346.21
-1258.85 -354.201
-437.134 -46.7069
-668.548 428.5
-1473.84 664.852
425.019 447.611
1049.22 -980.077
613.783 653.998
1070.32 -1244.68
-1503.51 451.96
-57.2561 1720.68
-553.206 163.908
-180.018 -1088.89
457.113 -109.394
-174.411 1221.71
-864.893 -1159.53
416.846 241.559
-356.606 529.364
648.486 1578.14
264.528 -972.242
-118.863 1277.35
237.42 792.928
1344.11 155.737
265.81 -1562.78
-365.804 1390.56
-134.316 -579.235
668 1362.29
-1094.42 241.794
156.81 -462.101
-480.743 -243.135
59.6706 -979.682
1181.11 -1020.41
-171.625 825.204
-296.572 1014.15
777.679 657.732
813.693 817.456
468.235 672.131
741.87 547.231
1485.1 -368.385
-625.538 -1121.92
-1338.07 898.941
1027.46 1274.46
-458.353 941.879
349.888 681.013
1040.83 260.476
-141.641 -1653.53
-7.96001 -1318.07
1443.43 -592.825
894.266 303.891
0.562645 -220.81
-1019.51 -369.084
-989.414 -1026.25
-380.441 -114.756
-1329.72 670.857
1334.67 -1032.06
-1406.63 357.538
-177.878 1357.05
1345.04 867.868
-105.176 855.359
-588.833 839.76
502.898 -1110.39
-1101.35 -505.521
745.664 743.874
-1373.82 -779.094
-981.945 -1056.91
-400.873 1291.15
45.6719 551.8
